Iteration,Time(ms),Cost,Temperature
1000,458,360126.0,4766.134110444306
3000,1048,337931.0,4386.0601412518645
4000,1247,328897.0,4255.149288745286
6000,1779,316512.0,3868.7253527685966
8000,2764,303564.0,3533.9653223706264
10000,3752,304279.0,3238.519224912079
12000,4600,293114.0,2977.285533810057
14000,5083,291378.0,2730.016506230889
16000,5514,294370.0,2502.532715195538
20000,6135,292715.0,2085.6784427316506
22000,6243,280601.0,1893.0501215666811
23000,6307,277034.0,1807.0343557903636
25000,6444,267325.0,1661.1046182731282
26000,6513,261965.0,1581.19414349304
27000,6569,262528.0,1514.7921024715654
32000,6926,251655.0,1211.6305781872477
33000,6990,252875.0,1150.923274363046
37000,7225,247967.0,960.5544846675017
38000,7280,244929.0,920.4001956897498
45000,7745,221060.0,650.012230986928
51000,8124,208734.0,493.77375857927905
52000,8202,206881.0,469.6909538997841
53000,8276,201526.0,445.7562680089461
60000,8738,184907.0,313.92521450957463
61000,8831,183546.0,301.13320459839446
65000,9169,172195.0,245.3393762884186
66000,9254,169211.0,232.69761387926124
69000,9450,164588.0,201.04575233301856
70000,9506,164682.0,190.89621731574906
72000,9667,159725.0,174.08180026746834
74000,9799,157343.0,156.32230363774434
75000,9850,155040.0,148.50481169352392
78000,10063,148943.0,130.12698146996175
80000,10173,146033.0,116.99198566938757
81000,10237,144867.0,111.319333426298
85000,10552,140533.0,91.57819413842036
87000,10732,135726.0,82.04662577794828
88000,10805,135729.0,78.09181287081982
89000,10860,135732.0,74.28304449510308
92000,11057,132498.0,64.62981015912244
95000,11252,128796.0,56.51855868252595
96000,11327,128833.0,53.76198163510615
97000,11381,128808.0,51.15008049706766
102000,11729,122259.0,40.43324369580623
106000,12002,118617.0,33.120165771838096
108000,12138,115059.0,29.607767111355958
109000,12215,115001.0,28.124305282359835
111000,12329,113892.0,25.308210880080598
115000,12626,110049.0,20.712116415828813
116000,12675,109463.0,19.802666849086094
118000,12834,109394.0,17.812693526678096
120000,12971,107645.0,16.107842936504728
121000,13031,106496.0,15.21076539905
124000,13238,105856.0,13.01360861642419
125000,13289,105885.0,12.367759934061654
126000,13352,105905.0,11.724614217488183
127000,13417,105887.0,11.051735296422011
128000,13463,105871.0,10.485410616421811
129000,13521,105815.0,9.918305058635344
130000,13574,105842.0,9.341614074949502
132000,13707,105752.0,8.430650383724517
134000,13836,105682.0,7.658905740382811
135000,13909,105664.0,7.225859649988606
137000,14053,104469.0,6.422839561563488
140000,14270,102600.0,5.482451767302857
143000,14472,98954.0,4.6368906734875965
144000,14545,98355.0,4.384349323613962
147000,14788,98174.0,3.7166880679040726
149000,14944,97549.0,3.290787447871487
150000,15015,97516.0,3.1234066208360654
151000,15085,97506.0,2.9692866585313573
152000,15152,97496.0,2.801959073013069
153000,15218,97471.0,2.6679660185500187
154000,15280,97472.0,2.5337839330706724
155000,15357,96850.0,2.3981822653245723
156000,15428,96843.0,2.2655288414185653
158000,15583,95521.0,2.019808036313091
159000,15661,95511.0,1.8993265959475443
160000,15717,95490.0,1.7951643541982998
161000,15793,93072.0,1.6970539375189577
162000,15872,92454.0,1.603022515850244
167000,16236,90603.0,1.2104314589110805
170000,16465,89966.0,1.0273356190353449
171000,16542,89358.0,0.9724524764693647
172000,16616,89327.0,0.9203172538415714
173000,16672,89318.0,0.8692368097988417
174000,16743,88719.0,0.8211557107630476
176000,16896,88645.0,0.7379731272485508
178000,17014,87380.0,0.6652096277290382
179000,17087,85612.0,0.6301132155538314
180000,17183,84415.0,0.59288263691221
182000,17328,84410.0,0.5231614989745633
183000,17397,84388.0,0.49476723500537934
184000,17478,84369.0,0.4653474609765322
185000,17546,83199.0,0.4388165390616432
188000,17774,83140.0,0.36928651039278315
190000,17933,82553.0,0.3282471738163692
193000,18154,82534.0,0.2755469834004037
194000,18235,82501.0,0.25903289529752566
195000,18309,82500.0,0.24460684255109305
197000,18471,81861.0,0.21877561531002254
198000,18544,81860.0,0.20609631987970356
199000,18619,81819.0,0.19372517607420706
201000,18768,81808.0,0.17235127508180137
203000,18923,80602.0,0.15341226970279706
205000,19045,80590.0,0.13773388865081282
208000,19244,79973.0,0.11691127161767732
213000,19586,79333.0,0.1
214000,19641,79311.0,0.1
215000,19718,79310.0,0.1
216000,19778,79292.0,0.1
217000,19826,79283.0,0.1
219000,19975,79270.0,0.1
227000,20522,78036.0,0.1
229000,20672,78035.0,0.1
231000,20809,78002.0,0.1
232000,20861,76798.0,0.1
233000,20919,76798.0,0.1
236000,21155,76162.0,0.1
238000,21304,74960.0,0.1
240000,21458,74958.0,0.1
241000,21525,74958.0,0.1
243000,21669,74954.0,0.1
244000,21714,74954.0,0.1
245000,21785,74947.0,0.1
246000,21855,74937.0,0.1
247000,21942,74926.0,0.1
248000,22007,74926.0,0.1
251000,22240,74916.0,0.1
252000,22302,74902.0,0.1
253000,22384,74867.0,0.1
255000,22533,74852.0,0.1
257000,22670,74838.0,0.1
258000,22725,74838.0,0.1
261000,22919,74769.0,0.1
262000,23000,74767.0,0.1
265000,23197,74733.0,0.1
267000,23346,74690.0,0.1
270000,23561,74676.0,0.1
272000,23669,74661.0,0.1
273000,23742,74661.0,0.1
274000,23817,74619.0,0.1
276000,23933,74031.0,0.1
278000,24060,73451.0,0.1
280000,24201,73409.0,0.1
283000,24422,72777.0,0.1
285000,24533,72745.0,0.1
286000,24606,72745.0,0.1
287000,24661,72178.0,0.1
293000,25033,72171.0,0.1
301000,25574,72135.0,0.1
302000,25638,72135.0,0.1
304000,25776,72135.0,0.1
305000,25855,72128.0,0.1
306000,25922,72123.0,0.1
307000,25972,72122.0,0.1
308000,26026,72122.0,0.1
310000,26157,72106.0,0.1
311000,26226,72106.0,0.1
315000,26493,72091.0,0.1
316000,26570,72091.0,0.1
320000,26835,71404.0,0.1
321000,26895,71404.0,0.1
322000,26969,71364.0,0.1
325000,27182,71356.0,0.1
326000,27255,71356.0,0.1
328000,27402,71323.0,0.1
329000,27482,71322.0,0.1
331000,27618,71314.0,0.1
334000,27816,71310.0,0.1
335000,27879,71310.0,0.1
337000,28029,71299.0,0.1
342000,28330,71293.0,0.1
344000,28455,71293.0,0.1
347000,28670,71289.0,0.1
350000,28893,71289.0,0.1
352000,29001,71282.0,0.1
353000,29076,71282.0,0.1
355000,29212,71266.0,0.1
356000,29286,71263.0,0.1
358000,29405,71254.0,0.1
361000,29621,71234.0,0.1
362000,29687,71226.0,0.1
363000,29765,71223.0,0.1
366000,29959,71213.0,0.1
367000,30029,71173.0,0.1
368000,30095,71172.0,0.1
370000,30240,71172.0,0.1
373000,30458,71172.0,0.1
374000,30524,71172.0,0.1
375000,30587,71172.0,0.1
376000,30668,71172.0,0.1
377000,30746,71172.0,0.1
380000,30952,71156.0,0.1
381000,31002,71156.0,0.1
382000,31059,71156.0,0.1
383000,31122,71151.0,0.1
385000,31235,71148.0,0.1
387000,31375,71148.0,0.1
388000,31450,71148.0,0.1
391000,31619,71147.0,0.1
393000,31726,71133.0,0.1
394000,31776,71133.0,0.1
395000,31844,71130.0,0.1
402000,32338,70622.0,0.1
405000,32529,70619.0,0.1
406000,32590,70619.0,0.1
412000,32952,70616.0,0.1
413000,32993,70616.0,0.1
415000,33126,70606.0,0.1
418000,33368,70599.0,0.1
420000,33523,70571.0,0.1
423000,33739,70570.0,0.1
426000,33921,70560.0,0.1
427000,34000,70560.0,0.1
428000,34076,70545.0,0.1
429000,34132,70543.0,0.1
431000,34240,70542.0,0.1
432000,34315,70542.0,0.1
433000,34377,70542.0,0.1
434000,34446,70542.0,0.1
436000,34557,70540.0,0.1
437000,34627,70540.0,0.1
438000,34688,70540.0,0.1
440000,34799,70539.0,0.1
441000,34865,70538.0,0.1
444000,35061,70535.0,0.1
445000,35122,70533.0,0.1
446000,35188,70531.0,0.1
449000,35416,69918.0,0.1
450000,35488,69918.0,0.1
451000,35543,69329.0,0.1
452000,35618,69319.0,0.1
453000,35684,69319.0,0.1
455000,35823,69319.0,0.1
456000,35904,69319.0,0.1
457000,35985,69319.0,0.1
459000,36116,69318.0,0.1
460000,36187,69317.0,0.1
461000,36254,69316.0,0.1
463000,36390,69316.0,0.1
464000,36452,69316.0,0.1
467000,36632,69306.0,0.1
468000,36702,69305.0,0.1
469000,36771,69305.0,0.1
470000,36833,69305.0,0.1
473000,37059,69300.0,0.1
475000,37200,69300.0,0.1
476000,37271,69299.0,0.1
477000,37342,69299.0,0.1
478000,37415,69299.0,0.1
480000,37549,69298.0,0.1
481000,37612,69298.0,0.1
482000,37681,69285.0,0.1
485000,37875,69285.0,0.1
486000,37940,69285.0,0.1
487000,37997,69285.0,0.1
488000,38075,69285.0,0.1
490000,38212,69285.0,0.1
493000,38372,69285.0,0.1
494000,38422,69285.0,0.1
497000,38609,69284.0,0.1
500000,38804,69284.0,0.1
502000,38928,69284.0,0.1
506000,39228,69284.0,0.1
509000,39431,69283.0,0.1
510000,39504,69282.0,0.1
511000,39575,69282.0,0.1
514000,39801,69281.0,0.1
518000,40053,69279.0,0.1
520000,40166,69278.0,0.1
521000,40243,69278.0,0.1
522000,40321,69278.0,0.1
524000,40438,69266.0,0.1
525000,40511,69256.0,0.1
527000,40620,69256.0,0.1
534000,41036,69255.0,0.1
536000,41155,69255.0,0.1
537000,41224,69255.0,0.1
538000,41296,69255.0,0.1
539000,41358,69255.0,0.1
541000,41495,69255.0,0.1
543000,41648,69253.0,0.1
544000,41705,69253.0,0.1
545000,41768,69253.0,0.1
546000,41822,69253.0,0.1
547000,41888,69251.0,0.1
549000,42013,69248.0,0.1
551000,42151,69247.0,0.1
553000,42277,69247.0,0.1
554000,42329,69246.0,0.1
558000,42576,69244.0,0.1
559000,42629,69244.0,0.1
560000,42692,69244.0,0.1
562000,42817,69244.0,0.1
563000,42887,69244.0,0.1
565000,43002,69240.0,0.1
566000,43060,69240.0,0.1
569000,43282,69240.0,0.1
571000,43433,69240.0,0.1
572000,43507,69240.0,0.1
575000,43669,69240.0,0.1
576000,43742,69240.0,0.1
580000,44008,69240.0,0.1
583000,44231,69240.0,0.1
584000,44298,69240.0,0.1
587000,44513,69240.0,0.1
588000,44562,69240.0,0.1
589000,44625,69240.0,0.1
590000,44707,69240.0,0.1
592000,44829,69237.0,0.1
593000,44906,69230.0,0.1
595000,45036,69230.0,0.1
596000,45097,69230.0,0.1
597000,45158,69230.0,0.1
599000,45298,69230.0,0.1
600000,45349,69230.0,0.1
601000,45402,69230.0,0.1
602000,45464,69230.0,0.1
603000,45519,69230.0,0.1
604000,45584,69230.0,0.1
605000,45635,69230.0,0.1
606000,45700,69230.0,0.1
607000,45760,69230.0,0.1
610000,45975,69230.0,0.1
612000,46128,69228.0,0.1
613000,46205,69228.0,0.1
615000,46354,69228.0,0.1
616000,46422,69228.0,0.1
617000,46495,69228.0,0.1
618000,46567,69228.0,0.1
619000,46641,69228.0,0.1
620000,46721,69228.0,0.1
622000,46850,69228.0,0.1
623000,46917,69228.0,0.1
624000,46996,69228.0,0.1
628000,47276,69228.0,0.1
629000,47347,69227.0,0.1
630000,47412,68852.0,0.1
631000,47472,68852.0,0.1
632000,47537,68852.0,0.1
635000,47735,68852.0,0.1
636000,47787,68852.0,0.1
637000,47839,68852.0,0.1
638000,47907,68852.0,0.1
641000,48081,68850.0,0.1
642000,48138,68850.0,0.1
647000,48471,68809.0,0.1
648000,48541,68788.0,0.1
649000,48617,68788.0,0.1
650000,48693,68788.0,0.1
654000,48967,68788.0,0.1
655000,49034,68788.0,0.1
656000,49093,68788.0,0.1
658000,49238,68788.0,0.1
664000,49622,68788.0,0.1
665000,49697,68786.0,0.1
666000,49769,68786.0,0.1
667000,49844,68786.0,0.1
672000,50150,68784.0,0.1
673000,50217,68784.0,0.1
675000,50351,68784.0,0.1
676000,50416,68784.0,0.1
678000,50557,68783.0,0.1
679000,50625,68783.0,0.1
680000,50681,68783.0,0.1
682000,50791,68783.0,0.1
683000,50843,68783.0,0.1
684000,50917,68782.0,0.1
686000,51032,68782.0,0.1
687000,51101,68782.0,0.1
689000,51212,68782.0,0.1
690000,51289,68782.0,0.1
692000,51407,68782.0,0.1
695000,51618,68780.0,0.1
696000,51666,68780.0,0.1
698000,51807,68780.0,0.1
700000,51944,68780.0,0.1
701000,52012,68780.0,0.1
702000,52081,68780.0,0.1
704000,52201,68780.0,0.1
705000,52270,68780.0,0.1
708000,52465,68780.0,0.1
709000,52519,68780.0,0.1
711000,52654,68779.0,0.1
713000,52802,68779.0,0.1
714000,52868,68779.0,0.1
715000,52933,68779.0,0.1
716000,53006,68779.0,0.1
717000,53060,68779.0,0.1
718000,53104,68779.0,0.1
720000,53254,68779.0,0.1
722000,53404,68779.0,0.1
723000,53464,68779.0,0.1
724000,53537,68779.0,0.1
731000,54056,68767.0,0.1
733000,54191,68755.0,0.1
734000,54248,68755.0,0.1
735000,54309,68755.0,0.1
736000,54376,68152.0,0.1
737000,54452,68152.0,0.1
740000,54614,68152.0,0.1
743000,54824,68152.0,0.1
744000,54888,68152.0,0.1
747000,55068,68152.0,0.1
748000,55124,68152.0,0.1
749000,55189,68152.0,0.1
750000,55259,68152.0,0.1
751000,55313,68152.0,0.1
752000,55374,68152.0,0.1
753000,55449,68152.0,0.1
754000,55534,68152.0,0.1
755000,55612,68152.0,0.1
756000,55684,68152.0,0.1
759000,55905,68143.0,0.1
761000,56057,68142.0,0.1
762000,56135,68142.0,0.1
763000,56193,68142.0,0.1
764000,56260,68131.0,0.1
765000,56313,68131.0,0.1
767000,56431,68131.0,0.1
769000,56570,68130.0,0.1
775000,56990,68129.0,0.1
776000,57047,68129.0,0.1
777000,57116,68129.0,0.1
778000,57188,68129.0,0.1
779000,57256,68129.0,0.1
780000,57322,68129.0,0.1
781000,57387,68128.0,0.1
782000,57442,68128.0,0.1
785000,57639,68128.0,0.1
787000,57750,68128.0,0.1
788000,57811,68128.0,0.1
791000,58039,68128.0,0.1
792000,58106,68128.0,0.1
795000,58293,68127.0,0.1
797000,58434,68126.0,0.1
798000,58502,68126.0,0.1
799000,58561,68125.0,0.1
800000,58625,68124.0,0.1
802000,58773,68124.0,0.1
803000,58822,68124.0,0.1
804000,58889,68124.0,0.1
806000,59004,68124.0,0.1
807000,59063,68124.0,0.1
809000,59206,68123.0,0.1
810000,59282,68122.0,0.1
811000,59326,68122.0,0.1
812000,59398,68122.0,0.1
813000,59469,68122.0,0.1
814000,59532,68122.0,0.1
815000,59613,68122.0,0.1
817000,59745,68122.0,0.1
818000,59792,68122.0,0.1
819000,59860,68122.0,0.1
820000,59926,68122.0,0.1
821000,59990,68122.0,0.1
823000,60088,68122.0,0.1
824000,60145,68122.0,0.1
826000,60284,68122.0,0.1
827000,60348,68122.0,0.1
828000,60431,68122.0,0.1
831000,60641,68120.0,0.1
835000,60937,68120.0,0.1
839000,61201,68120.0,0.1
840000,61250,68120.0,0.1
841000,61326,68120.0,0.1
842000,61406,68120.0,0.1
845000,61615,68120.0,0.1
847000,61752,68120.0,0.1
851000,62035,68118.0,0.1
852000,62111,68118.0,0.1
855000,62326,68118.0,0.1
856000,62397,68118.0,0.1
857000,62471,68078.0,0.1
859000,62632,68076.0,0.1
860000,62694,68076.0,0.1
861000,62753,68076.0,0.1
863000,62907,68075.0,0.1
864000,62989,68074.0,0.1
865000,63047,68074.0,0.1
866000,63122,68073.0,0.1
869000,63318,68073.0,0.1
870000,63366,68073.0,0.1
872000,63507,68072.0,0.1
873000,63571,68072.0,0.1
874000,63629,68072.0,0.1
875000,63678,68072.0,0.1
876000,63730,68072.0,0.1
877000,63783,68072.0,0.1
878000,63850,68072.0,0.1
879000,63913,68072.0,0.1
880000,63996,68072.0,0.1
881000,64064,68071.0,0.1
882000,64118,68071.0,0.1
885000,64326,68071.0,0.1
887000,64459,68071.0,0.1
889000,64588,68071.0,0.1
890000,64660,68071.0,0.1
894000,64944,68071.0,0.1
896000,65085,68071.0,0.1
898000,65221,68070.0,0.1
900000,65328,68068.0,0.1
901000,65381,68067.0,0.1
908000,65864,68061.0,0.1
913000,66172,68052.0,0.1
914000,66250,68052.0,0.1
915000,66322,68052.0,0.1
918000,66552,68012.0,0.1
922000,66772,68010.0,0.1
923000,66826,68010.0,0.1
925000,66947,68010.0,0.1
927000,67078,68010.0,0.1
928000,67157,68010.0,0.1
929000,67232,68010.0,0.1
934000,67554,68008.0,0.1
935000,67630,68008.0,0.1
937000,67769,68008.0,0.1
938000,67838,68008.0,0.1
939000,67904,68008.0,0.1
940000,67970,68008.0,0.1
941000,68049,68008.0,0.1
946000,68393,68008.0,0.1
948000,68497,68008.0,0.1
949000,68578,68008.0,0.1
950000,68650,68008.0,0.1
952000,68790,68008.0,0.1
954000,68945,68007.0,0.1
956000,69065,68007.0,0.1
957000,69127,68007.0,0.1
960000,69334,68007.0,0.1
962000,69482,68007.0,0.1
964000,69621,68007.0,0.1
965000,69688,68007.0,0.1
967000,69838,68006.0,0.1
968000,69912,68006.0,0.1
970000,70043,68006.0,0.1
971000,70117,68006.0,0.1
972000,70193,68006.0,0.1
975000,70396,68004.0,0.1
976000,70461,68004.0,0.1
977000,70537,68004.0,0.1
979000,70657,68004.0,0.1
982000,70853,68004.0,0.1
984000,70983,68004.0,0.1
987000,71162,68004.0,0.1
989000,71288,68004.0,0.1
990000,71359,68004.0,0.1
991000,71434,68004.0,0.1
993000,71564,67963.0,0.1
994000,71637,67963.0,0.1
995000,71695,67963.0,0.1
996000,71758,67963.0,0.1
997000,71822,67963.0,0.1
998000,71892,67963.0,0.1
1000000,72041,67954.0,0.1
1001000,72109,67954.0,0.1
1003000,72238,67354.0,0.1
1005000,72357,67354.0,0.1
1006000,72413,67354.0,0.1
1008000,72547,67352.0,0.1
1009000,72609,67352.0,0.1
1011000,72759,67352.0,0.1
1012000,72846,67352.0,0.1
1015000,73034,67352.0,0.1
1016000,73100,67352.0,0.1
1019000,73287,67351.0,0.1
1020000,73343,67351.0,0.1
1021000,73397,67351.0,0.1
1023000,73549,67350.0,0.1
1024000,73618,67350.0,0.1
1025000,73680,67350.0,0.1
1029000,73914,67350.0,0.1
1030000,73968,67350.0,0.1
1031000,74028,67350.0,0.1
1032000,74086,67350.0,0.1
1034000,74203,67350.0,0.1
1035000,74276,67350.0,0.1
1037000,74409,67350.0,0.1
1041000,74691,67350.0,0.1
1043000,74813,67349.0,0.1
1044000,74861,67349.0,0.1
1046000,74957,67349.0,0.1
1047000,75016,67349.0,0.1
1048000,75089,67349.0,0.1
1050000,75231,67348.0,0.1
1052000,75341,67348.0,0.1
1053000,75415,67346.0,0.1
1060000,75840,67346.0,0.1
1061000,75894,67346.0,0.1
1062000,75970,67346.0,0.1
1063000,76059,67346.0,0.1
1064000,76122,67346.0,0.1
1066000,76260,67346.0,0.1
1068000,76383,67346.0,0.1
1070000,76532,67346.0,0.1
1072000,76674,67346.0,0.1
1075000,76900,67346.0,0.1
1076000,76972,67346.0,0.1
1077000,77028,67346.0,0.1
1078000,77097,67346.0,0.1
1079000,77172,67346.0,0.1
1080000,77242,67346.0,0.1
1081000,77312,67346.0,0.1
1082000,77376,67346.0,0.1
1083000,77443,67346.0,0.1
1084000,77511,67346.0,0.1
1086000,77645,67346.0,0.1
1088000,77775,67346.0,0.1
1089000,77833,67346.0,0.1
1090000,77909,67346.0,0.1
1091000,77972,67346.0,0.1
1094000,78125,67346.0,0.1
1095000,78171,67346.0,0.1
1096000,78232,67346.0,0.1
1098000,78363,67346.0,0.1
1099000,78441,67346.0,0.1
1100000,78508,67346.0,0.1
1101000,78568,67346.0,0.1
1105000,78865,67346.0,0.1
1106000,78939,67346.0,0.1
1109000,79125,67346.0,0.1
1112000,79311,67346.0,0.1
1113000,79366,67346.0,0.1
1114000,79415,67346.0,0.1
1116000,79562,67346.0,0.1
1117000,79626,67346.0,0.1
1118000,79696,67346.0,0.1
1120000,79819,67346.0,0.1
1121000,79882,67346.0,0.1
1122000,79932,67346.0,0.1
1123000,79994,67345.0,0.1
1124000,80051,67345.0,0.1
1126000,80151,67345.0,0.1
1130000,80379,67345.0,0.1
1132000,80496,67345.0,0.1
1133000,80541,67345.0,0.1
1134000,80590,67345.0,0.1
1135000,80648,67345.0,0.1
1136000,80700,67345.0,0.1
1137000,80760,67344.0,0.1
1138000,80833,67344.0,0.1
1139000,80885,67344.0,0.1
1140000,80959,67344.0,0.1
1141000,81017,67344.0,0.1
1142000,81061,67344.0,0.1
1144000,81197,67343.0,0.1
1145000,81265,67343.0,0.1
1146000,81328,67343.0,0.1
1148000,81475,67343.0,0.1
1149000,81546,67343.0,0.1
1150000,81615,67343.0,0.1
1152000,81745,67342.0,0.1
1153000,81815,67342.0,0.1
1158000,82161,67332.0,0.1
1164000,82564,67332.0,0.1
1166000,82694,67332.0,0.1
1169000,82864,67332.0,0.1
1171000,83017,67332.0,0.1
1173000,83127,67332.0,0.1
1174000,83176,67332.0,0.1
1175000,83228,67332.0,0.1
1178000,83400,67332.0,0.1
1179000,83468,67332.0,0.1
1183000,83742,67332.0,0.1
1185000,83875,67332.0,0.1
1187000,84032,67332.0,0.1
1189000,84164,67332.0,0.1
1190000,84218,67332.0,0.1
1193000,84390,67332.0,0.1
1194000,84466,67332.0,0.1
1197000,84667,67332.0,0.1
1199000,84772,67332.0,0.1
1201000,84929,67332.0,0.1
1202000,84988,67332.0,0.1
1203000,85043,67332.0,0.1
1205000,85170,67332.0,0.1
1206000,85215,67332.0,0.1
1207000,85266,67332.0,0.1
1208000,85328,67332.0,0.1
1210000,85471,67332.0,0.1
1214000,85750,67332.0,0.1
1215000,85818,67332.0,0.1
1217000,85971,67332.0,0.1
1220000,86180,67332.0,0.1
1224000,86441,67331.0,0.1
1225000,86514,67331.0,0.1
1226000,86584,67331.0,0.1
1229000,86812,67331.0,0.1
1230000,86882,67331.0,0.1
1231000,86949,67331.0,0.1
1233000,87083,67331.0,0.1
1234000,87161,67331.0,0.1
1235000,87229,67331.0,0.1
1236000,87301,67331.0,0.1
1238000,87446,67331.0,0.1
1241000,87653,67330.0,0.1
1242000,87715,67330.0,0.1
1243000,87794,67330.0,0.1
1245000,87957,67330.0,0.1
1249000,88238,67330.0,0.1
1251000,88377,67330.0,0.1
1252000,88442,67330.0,0.1
1253000,88506,67330.0,0.1
1256000,88710,67330.0,0.1
1259000,88925,67330.0,0.1
1262000,89112,67330.0,0.1
1265000,89278,67330.0,0.1
1268000,89446,67330.0,0.1
1269000,89512,67330.0,0.1
1270000,89580,67330.0,0.1
1273000,89778,67330.0,0.1
1274000,89838,67330.0,0.1
1276000,89979,67329.0,0.1
1280000,90205,67329.0,0.1
1281000,90267,67329.0,0.1
1282000,90333,67329.0,0.1
1283000,90406,67327.0,0.1
1285000,90526,67327.0,0.1
1286000,90599,67327.0,0.1
1290000,90893,67327.0,0.1
1292000,91049,67326.0,0.1
1293000,91125,67326.0,0.1
1294000,91202,67326.0,0.1
1295000,91275,67326.0,0.1
1297000,91425,67326.0,0.1
1298000,91472,67326.0,0.1
1299000,91532,67326.0,0.1
1300000,91592,67326.0,0.1
1303000,91779,67326.0,0.1
1304000,91844,67326.0,0.1
1308000,92101,67326.0,0.1
1310000,92248,67326.0,0.1
1312000,92372,67326.0,0.1
1314000,92493,67326.0,0.1
1316000,92654,67326.0,0.1
1319000,92822,67326.0,0.1
1320000,92893,67326.0,0.1
1321000,92965,67326.0,0.1
1322000,93040,67326.0,0.1
1324000,93169,67325.0,0.1
1325000,93243,67325.0,0.1
1326000,93307,67325.0,0.1
1328000,93412,67325.0,0.1
1330000,93547,67325.0,0.1
1331000,93614,67325.0,0.1
1333000,93752,67325.0,0.1
1334000,93835,67325.0,0.1
1335000,93898,67325.0,0.1
1336000,93970,67324.0,0.1
1337000,94040,67324.0,0.1
1338000,94106,67324.0,0.1
1339000,94181,67324.0,0.1
1343000,94441,67324.0,0.1
1345000,94561,67324.0,0.1
1347000,94704,67324.0,0.1
1349000,94846,67324.0,0.1
1350000,94904,67324.0,0.1
1351000,94962,67324.0,0.1
1353000,95067,67324.0,0.1
1356000,95256,67324.0,0.1
1357000,95333,67324.0,0.1
1362000,95674,67324.0,0.1
1363000,95737,67324.0,0.1
1364000,95793,67324.0,0.1
1366000,95904,67324.0,0.1
1367000,95953,67324.0,0.1
1369000,96095,67324.0,0.1
1371000,96204,67324.0,0.1
1372000,96261,67324.0,0.1
1373000,96308,67324.0,0.1
1374000,96374,67324.0,0.1
1376000,96494,67323.0,0.1
1377000,96569,67323.0,0.1
1379000,96689,67323.0,0.1
1380000,96755,67323.0,0.1
1381000,96815,67323.0,0.1
1382000,96880,67323.0,0.1
1384000,97003,67323.0,0.1
1386000,97148,67323.0,0.1
1393000,97599,67323.0,0.1
1394000,97675,67323.0,0.1
1395000,97759,67323.0,0.1
1397000,97903,67323.0,0.1
1398000,97964,67323.0,0.1
1399000,98033,67323.0,0.1
1400000,98111,67323.0,0.1
1405000,98441,67323.0,0.1
1409000,98736,67323.0,0.1
1410000,98791,67323.0,0.1
1412000,98922,67323.0,0.1
1413000,99000,67323.0,0.1
1414000,99068,67323.0,0.1
1421000,99480,67323.0,0.1
1423000,99611,67323.0,0.1
1425000,99751,67323.0,0.1
1429000,100015,67323.0,0.1
1430000,100090,67323.0,0.1
1432000,100248,67323.0,0.1
1433000,100323,67323.0,0.1
1435000,100429,67323.0,0.1
1436000,100481,67323.0,0.1
1440000,100710,67323.0,0.1
1441000,100772,67323.0,0.1
1443000,100904,67323.0,0.1
1444000,100978,67323.0,0.1
1445000,101028,67323.0,0.1
1446000,101098,67323.0,0.1
1447000,101174,67323.0,0.1
1448000,101248,67323.0,0.1
1450000,101400,67323.0,0.1
1451000,101475,67323.0,0.1
1452000,101554,67323.0,0.1
1453000,101630,67323.0,0.1
1455000,101738,67323.0,0.1
1457000,101893,67323.0,0.1
1459000,102035,67323.0,0.1
1460000,102113,67323.0,0.1
1462000,102254,67323.0,0.1
1464000,102402,67323.0,0.1
1465000,102462,67323.0,0.1
1466000,102527,67323.0,0.1
1468000,102663,67323.0,0.1
1470000,102791,67323.0,0.1
1471000,102863,67323.0,0.1
1472000,102928,67323.0,0.1
1473000,102976,67323.0,0.1
1474000,103033,67323.0,0.1
1475000,103102,67323.0,0.1
1476000,103167,67315.0,0.1
1478000,103310,67315.0,0.1
1481000,103531,67314.0,0.1
1482000,103588,67314.0,0.1
1486000,103869,67314.0,0.1
1488000,104013,67314.0,0.1
1489000,104081,67314.0,0.1
1491000,104232,67314.0,0.1
1493000,104355,67314.0,0.1
1496000,104541,67314.0,0.1
1497000,104609,67314.0,0.1
1499000,104755,67313.0,0.1
1501000,104869,67313.0,0.1
1503000,105003,67313.0,0.1
1505000,105146,67313.0,0.1
1506000,105213,67313.0,0.1
1511000,105509,67313.0,0.1
1512000,105560,67313.0,0.1
1513000,105622,67313.0,0.1
1514000,105688,67313.0,0.1
1515000,105751,67313.0,0.1
1517000,105903,67313.0,0.1
1518000,105952,67313.0,0.1
1519000,106003,67313.0,0.1
1522000,106215,67313.0,0.1
1523000,106261,67313.0,0.1
1524000,106317,67313.0,0.1
1526000,106445,67313.0,0.1
1531000,106788,67313.0,0.1
1534000,106974,67313.0,0.1
1537000,107151,67313.0,0.1
1538000,107216,67313.0,0.1
1539000,107286,67313.0,0.1
1540000,107349,67313.0,0.1
1541000,107398,67313.0,0.1
1542000,107462,67313.0,0.1
1543000,107535,67313.0,0.1
1545000,107663,67313.0,0.1
1546000,107728,67313.0,0.1
1548000,107863,67313.0,0.1
1549000,107937,67313.0,0.1
1550000,108015,67313.0,0.1
1552000,108117,67313.0,0.1
1554000,108236,67313.0,0.1
1556000,108397,67273.0,0.1
1557000,108472,67273.0,0.1
1558000,108534,67273.0,0.1
1560000,108685,67273.0,0.1
1561000,108745,67273.0,0.1
1562000,108822,67273.0,0.1
1564000,108973,67273.0,0.1
1565000,109049,67273.0,0.1
1566000,109110,67273.0,0.1
1567000,109190,67273.0,0.1
1569000,109338,67273.0,0.1
1570000,109413,67273.0,0.1
1572000,109552,67273.0,0.1
1574000,109689,67273.0,0.1
1576000,109827,67273.0,0.1
1577000,109892,67273.0,0.1
1578000,109959,67273.0,0.1
1579000,110029,67273.0,0.1
1580000,110106,66673.0,0.1
1581000,110179,66673.0,0.1
1582000,110235,66673.0,0.1
1584000,110368,66673.0,0.1
1586000,110506,66673.0,0.1
1588000,110626,66673.0,0.1
1590000,110759,66673.0,0.1
1592000,110885,66673.0,0.1
1594000,110988,66673.0,0.1
1595000,111051,66673.0,0.1
1596000,111111,66673.0,0.1
1597000,111171,66673.0,0.1
1598000,111218,66673.0,0.1
1600000,111356,66673.0,0.1
1601000,111429,66673.0,0.1
1602000,111489,66673.0,0.1
1603000,111561,66673.0,0.1
1605000,111681,66673.0,0.1
1606000,111753,66673.0,0.1
1608000,111892,66673.0,0.1
1612000,112146,66672.0,0.1
1613000,112212,66672.0,0.1
1614000,112285,66672.0,0.1
1615000,112359,66672.0,0.1
1616000,112428,66672.0,0.1
1617000,112500,66672.0,0.1
1621000,112756,66672.0,0.1
1622000,112825,66672.0,0.1
1623000,112876,66672.0,0.1
1624000,112928,66672.0,0.1
1626000,113042,66672.0,0.1
1628000,113166,66672.0,0.1
1631000,113338,66672.0,0.1
1633000,113455,66672.0,0.1
1634000,113523,66672.0,0.1
1635000,113602,66672.0,0.1
1637000,113752,66631.0,0.1
1638000,113825,66631.0,0.1
1640000,113970,66631.0,0.1
1641000,114044,66631.0,0.1
1643000,114193,66631.0,0.1
1644000,114272,66631.0,0.1
1648000,114537,66631.0,0.1
1649000,114597,66631.0,0.1
1651000,114730,66631.0,0.1
1652000,114800,66631.0,0.1
1653000,114873,66631.0,0.1
1654000,114951,66631.0,0.1
1656000,115094,66631.0,0.1
1657000,115143,66631.0,0.1
1659000,115273,66631.0,0.1
1663000,115533,66631.0,0.1
1664000,115586,66631.0,0.1
1665000,115648,66631.0,0.1
1668000,115851,66628.0,0.1
1669000,115918,66628.0,0.1
1670000,115965,66628.0,0.1
1672000,116095,66628.0,0.1
1674000,116228,66628.0,0.1
1675000,116284,66628.0,0.1
1676000,116338,66628.0,0.1
1680000,116584,66628.0,0.1
1681000,116639,66628.0,0.1
1684000,116826,66628.0,0.1
1685000,116890,66628.0,0.1
1686000,116950,66628.0,0.1
1687000,117019,66628.0,0.1
1688000,117100,66628.0,0.1
1689000,117179,66628.0,0.1
1691000,117315,66628.0,0.1
1692000,117385,66628.0,0.1
1694000,117524,66628.0,0.1
1695000,117592,66628.0,0.1
1696000,117668,66628.0,0.1
1697000,117741,66628.0,0.1
1699000,117887,66628.0,0.1
1700000,117961,66628.0,0.1
1701000,118035,66628.0,0.1
1705000,118289,66628.0,0.1
1706000,118340,66628.0,0.1
1708000,118461,66628.0,0.1
1709000,118526,66628.0,0.1
1710000,118593,66628.0,0.1
1711000,118659,66628.0,0.1
1714000,118858,66628.0,0.1
1716000,119023,66628.0,0.1
1717000,119097,66628.0,0.1
1718000,119172,66628.0,0.1
1719000,119240,66628.0,0.1
1720000,119304,66628.0,0.1
1724000,119590,66628.0,0.1
1725000,119648,66628.0,0.1
1726000,119711,66628.0,0.1
1727000,119768,66628.0,0.1
1730000,119989,66628.0,0.1
1735000,120335,66628.0,0.1
1736000,120404,66628.0,0.1
1737000,120466,66628.0,0.1
1738000,120529,66628.0,0.1
1740000,120644,66628.0,0.1
1741000,120708,66628.0,0.1
1742000,120767,66628.0,0.1
1743000,120824,66628.0,0.1
1744000,120890,66628.0,0.1
1745000,120971,66628.0,0.1
1750000,121342,66628.0,0.1
1751000,121420,66628.0,0.1
1753000,121561,66628.0,0.1
1754000,121621,66628.0,0.1
1758000,121905,66628.0,0.1
1759000,121978,66628.0,0.1
1760000,122040,66628.0,0.1
1761000,122096,66628.0,0.1
1763000,122228,66628.0,0.1
1764000,122299,66628.0,0.1
1765000,122376,66628.0,0.1
1766000,122454,66628.0,0.1
1768000,122580,66628.0,0.1
1773000,122928,66628.0,0.1
1775000,123051,66628.0,0.1
1776000,123095,66628.0,0.1
1777000,123169,66628.0,0.1
1779000,123294,66628.0,0.1
1780000,123352,66620.0,0.1
1782000,123502,66620.0,0.1
1783000,123552,66620.0,0.1
1784000,123626,66620.0,0.1
1785000,123680,66620.0,0.1
1790000,124006,66620.0,0.1
1791000,124075,66620.0,0.1
1793000,124213,66620.0,0.1
1795000,124345,66620.0,0.1
1796000,124419,66620.0,0.1
1799000,124612,66620.0,0.1
1801000,124706,66620.0,0.1
1802000,124750,66620.0,0.1
1803000,124805,66620.0,0.1
1809000,125205,66620.0,0.1
1810000,125283,66620.0,0.1
1811000,125357,66620.0,0.1
1812000,125418,66620.0,0.1
1814000,125548,66620.0,0.1
1815000,125618,66620.0,0.1
1816000,125694,66620.0,0.1
1817000,125762,66620.0,0.1
1819000,125897,66620.0,0.1
1822000,126113,66620.0,0.1
1823000,126180,66620.0,0.1
1824000,126239,66620.0,0.1
1826000,126360,66620.0,0.1
1830000,126626,66620.0,0.1
1831000,126696,66620.0,0.1
1832000,126774,66620.0,0.1
1833000,126832,66620.0,0.1
1834000,126881,66620.0,0.1
1836000,127012,66620.0,0.1
1838000,127138,66620.0,0.1
1839000,127213,66620.0,0.1
1840000,127285,66620.0,0.1
1842000,127415,66620.0,0.1
1844000,127549,66620.0,0.1
1845000,127622,66620.0,0.1
1846000,127674,66620.0,0.1
1850000,127954,66620.0,0.1
1851000,128020,66620.0,0.1
1853000,128155,66620.0,0.1
1854000,128204,66620.0,0.1
1855000,128256,66620.0,0.1
1857000,128384,66620.0,0.1
1858000,128454,66620.0,0.1
1859000,128526,66620.0,0.1
1860000,128585,66619.0,0.1
1863000,128773,66619.0,0.1
1864000,128841,66619.0,0.1
1866000,128974,66619.0,0.1
1868000,129093,66619.0,0.1
1870000,129235,66619.0,0.1
1872000,129374,66619.0,0.1
1873000,129443,66619.0,0.1
1877000,129715,66619.0,0.1
1878000,129784,66619.0,0.1
1879000,129840,66619.0,0.1
1885000,130267,66619.0,0.1
1887000,130425,66619.0,0.1
1888000,130492,66619.0,0.1
1891000,130678,66619.0,0.1
1895000,130922,66618.0,0.1
1896000,130998,66618.0,0.1
1897000,131051,66618.0,0.1
1899000,131165,66618.0,0.1
1900000,131241,66618.0,0.1
1902000,131393,66618.0,0.1
1905000,131584,66618.0,0.1
1906000,131649,66618.0,0.1
1907000,131722,66618.0,0.1
1908000,131802,66618.0,0.1
1909000,131870,66618.0,0.1
1910000,131945,66618.0,0.1
1912000,132088,66618.0,0.1
1913000,132152,66618.0,0.1
1914000,132210,66618.0,0.1
1915000,132283,66618.0,0.1
1919000,132543,66618.0,0.1
1922000,132760,66618.0,0.1
1924000,132889,66618.0,0.1
1926000,133029,66618.0,0.1
1932000,133446,66618.0,0.1
1935000,133635,66618.0,0.1
1937000,133782,66618.0,0.1
1938000,133844,66618.0,0.1
1940000,133976,66618.0,0.1
1941000,134046,66618.0,0.1
1943000,134176,66618.0,0.1
1944000,134240,66618.0,0.1
1951000,134640,66618.0,0.1
1952000,134701,66618.0,0.1
1953000,134773,66618.0,0.1
1955000,134924,66618.0,0.1
1956000,134998,66618.0,0.1
1957000,135074,66618.0,0.1
1960000,135257,66618.0,0.1
1961000,135305,66618.0,0.1
1962000,135360,66618.0,0.1
1964000,135511,66618.0,0.1
1965000,135567,66618.0,0.1
1966000,135621,66618.0,0.1
1967000,135687,66618.0,0.1
1968000,135761,66618.0,0.1
1969000,135824,66618.0,0.1
1970000,135876,66618.0,0.1
1971000,135926,66618.0,0.1
1972000,135985,66618.0,0.1
1973000,136053,66618.0,0.1
1974000,136110,66618.0,0.1
1977000,136290,66618.0,0.1
1979000,136421,66618.0,0.1
1980000,136481,66618.0,0.1
1981000,136537,66618.0,0.1
1982000,136593,66618.0,0.1
1983000,136669,66618.0,0.1
1984000,136745,66618.0,0.1
1985000,136828,66618.0,0.1
1986000,136879,66618.0,0.1
1991000,137194,66618.0,0.1
1992000,137281,66618.0,0.1
1994000,137421,66618.0,0.1
1995000,137480,66618.0,0.1
1997000,137609,66618.0,0.1
1998000,137672,66618.0,0.1
1999000,137733,66618.0,0.1
2000000,137793,66618.0,0.1
2001000,137861,66618.0,0.1
2002000,137937,66618.0,0.1
2003000,137993,66618.0,0.1
2004000,138064,66618.0,0.1
2007000,138261,66618.0,0.1
2008000,138310,66618.0,0.1
2009000,138375,66618.0,0.1
2010000,138429,66618.0,0.1
2011000,138489,66618.0,0.1
2012000,138549,66618.0,0.1
2014000,138702,66618.0,0.1
2015000,138771,66618.0,0.1
2021000,139191,66618.0,0.1
2022000,139271,66618.0,0.1
2023000,139329,66618.0,0.1
2024000,139376,66618.0,0.1
2025000,139430,66617.0,0.1
2027000,139558,66617.0,0.1
2029000,139701,66617.0,0.1
2030000,139779,66617.0,0.1
2032000,139938,66616.0,0.1
2034000,140084,66616.0,0.1
2035000,140151,66616.0,0.1
2038000,140346,66616.0,0.1
2039000,140403,66616.0,0.1
2040000,140455,66616.0,0.1
2044000,140660,66616.0,0.1
2049000,140980,66616.0,0.1
2050000,141052,66616.0,0.1
2051000,141124,66616.0,0.1
2053000,141282,66616.0,0.1
2054000,141351,66616.0,0.1
2056000,141466,66616.0,0.1
2057000,141540,66616.0,0.1
2060000,141766,66616.0,0.1
2061000,141830,66616.0,0.1
2062000,141901,66616.0,0.1
2063000,141966,66616.0,0.1
2064000,142034,66616.0,0.1
2065000,142102,66616.0,0.1
2066000,142171,66616.0,0.1
2068000,142303,66616.0,0.1
2069000,142391,66616.0,0.1
2071000,142507,66612.0,0.1
2073000,142636,66612.0,0.1
2074000,142689,66612.0,0.1
2076000,142812,66605.0,0.1
2077000,142865,66605.0,0.1
2078000,142916,66605.0,0.1
2082000,143159,66605.0,0.1
2086000,143441,66605.0,0.1
2087000,143497,66605.0,0.1
2088000,143571,66605.0,0.1
2089000,143635,66605.0,0.1
2090000,143690,66605.0,0.1
2092000,143810,66605.0,0.1
2093000,143866,66605.0,0.1
2094000,143915,66605.0,0.1
2095000,143978,66605.0,0.1
2097000,144091,66605.0,0.1
2098000,144163,66605.0,0.1
2099000,144236,66598.0,0.1
2100000,144307,66598.0,0.1
2101000,144380,66598.0,0.1
2102000,144457,66598.0,0.1
2103000,144511,66598.0,0.1
2105000,144626,66598.0,0.1
2107000,144738,66598.0,0.1
2108000,144796,66598.0,0.1
2109000,144856,66598.0,0.1
2110000,144909,66598.0,0.1
2111000,144962,66598.0,0.1
2112000,145041,66598.0,0.1
2114000,145159,66598.0,0.1
2116000,145289,66597.0,0.1
2117000,145354,66597.0,0.1
2119000,145476,66597.0,0.1
2121000,145605,66597.0,0.1
2124000,145819,66597.0,0.1
2125000,145869,66597.0,0.1
2126000,145937,66597.0,0.1
2127000,146003,66597.0,0.1
2128000,146069,66597.0,0.1
2129000,146144,66597.0,0.1
2130000,146222,66597.0,0.1
2131000,146295,66597.0,0.1
2133000,146426,66597.0,0.1
2135000,146549,66591.0,0.1
2136000,146616,66591.0,0.1
2137000,146682,66591.0,0.1
2138000,146758,66591.0,0.1
2140000,146901,66591.0,0.1
2142000,147009,66591.0,0.1
2143000,147068,66591.0,0.1
2144000,147145,66591.0,0.1
2146000,147282,66591.0,0.1
2148000,147432,66591.0,0.1
2149000,147509,66591.0,0.1
2150000,147565,66591.0,0.1
2152000,147721,66589.0,0.1
2154000,147841,66589.0,0.1
2156000,147991,66589.0,0.1
2157000,148055,66589.0,0.1
2158000,148117,66589.0,0.1
2161000,148292,66589.0,0.1
2163000,148412,66589.0,0.1
2164000,148482,66589.0,0.1
2166000,148624,66589.0,0.1
2167000,148683,66589.0,0.1
2169000,148821,66589.0,0.1
2170000,148886,66589.0,0.1
2171000,148941,66589.0,0.1
2175000,149241,66589.0,0.1
2178000,149426,66589.0,0.1
2179000,149499,66589.0,0.1
2181000,149626,66589.0,0.1
2183000,149747,66589.0,0.1
2184000,149809,66589.0,0.1
2185000,149878,66589.0,0.1
2186000,149946,66588.0,0.1
2188000,150089,66588.0,0.1
2189000,150161,66588.0,0.1
2190000,150221,66588.0,0.1
2191000,150281,66588.0,0.1
2192000,150325,66588.0,0.1
2193000,150381,66588.0,0.1
2196000,150594,66588.0,0.1
2197000,150669,66588.0,0.1
2198000,150723,66588.0,0.1
2199000,150783,66588.0,0.1
2202000,151002,66019.0,0.1
2203000,151060,66019.0,0.1
2204000,151135,66019.0,0.1
2205000,151208,66019.0,0.1
2206000,151286,66019.0,0.1
2207000,151356,66019.0,0.1
2208000,151414,66019.0,0.1
2210000,151552,66011.0,0.1
2211000,151629,66011.0,0.1
2212000,151697,66011.0,0.1
2218000,152053,66011.0,0.1
2219000,152129,66011.0,0.1
2220000,152201,66011.0,0.1
2222000,152345,65403.0,0.1
2223000,152412,65403.0,0.1
2224000,152468,65403.0,0.1
2228000,152717,65402.0,0.1
2230000,152860,65402.0,0.1
2233000,153013,65402.0,0.1
2234000,153088,65402.0,0.1
2235000,153154,65402.0,0.1
2237000,153291,65401.0,0.1
2238000,153355,65401.0,0.1
2239000,153418,65401.0,0.1
2240000,153483,65401.0,0.1
2241000,153553,65401.0,0.1
2242000,153622,65401.0,0.1
2244000,153758,65401.0,0.1
2248000,154051,65401.0,0.1
2250000,154186,65400.0,0.1
2251000,154260,65400.0,0.1
2252000,154331,65400.0,0.1
2253000,154406,65400.0,0.1
2254000,154473,65400.0,0.1
2255000,154547,65400.0,0.1
2258000,154764,65391.0,0.1
2259000,154814,65391.0,0.1
2261000,154953,65391.0,0.1
2262000,155012,65391.0,0.1
2263000,155070,65391.0,0.1
2264000,155134,65391.0,0.1
2266000,155256,65391.0,0.1
2267000,155307,65391.0,0.1
2268000,155366,65391.0,0.1
2270000,155499,65391.0,0.1
2271000,155571,65390.0,0.1
2272000,155644,65390.0,0.1
2275000,155825,65390.0,0.1
2276000,155881,65390.0,0.1
2279000,156081,65389.0,0.1
2281000,156216,65389.0,0.1
2283000,156346,65389.0,0.1
2284000,156421,65389.0,0.1
2286000,156528,65389.0,0.1
2287000,156591,65389.0,0.1
2288000,156659,65389.0,0.1
2290000,156780,65389.0,0.1
2294000,157022,65389.0,0.1
2296000,157141,65389.0,0.1
2300000,157440,65389.0,0.1
2304000,157711,65389.0,0.1
2305000,157784,65389.0,0.1
2306000,157856,65389.0,0.1
2307000,157936,65389.0,0.1
2309000,158060,65389.0,0.1
2310000,158129,65382.0,0.1
2311000,158206,65381.0,0.1
2312000,158277,65381.0,0.1
2313000,158350,65381.0,0.1
2316000,158528,65380.0,0.1
2317000,158619,65380.0,0.1
2318000,158686,65380.0,0.1
2319000,158750,65380.0,0.1
2320000,158814,65380.0,0.1
2324000,159122,64200.0,0.1
2325000,159189,64200.0,0.1
2326000,159258,64200.0,0.1
2328000,159407,64190.0,0.1
2329000,159478,64190.0,0.1
2332000,159683,64190.0,0.1
2333000,159765,64190.0,0.1
2337000,159985,64180.0,0.1
2338000,160060,64180.0,0.1
2341000,160260,64180.0,0.1
2343000,160409,64180.0,0.1
2344000,160476,64180.0,0.1
2346000,160624,64176.0,0.1
2347000,160707,64176.0,0.1
2349000,160842,64176.0,0.1
2351000,160972,64176.0,0.1
2352000,161039,64176.0,0.1
2354000,161155,64176.0,0.1
2356000,161272,64176.0,0.1
2357000,161348,64176.0,0.1
2360000,161521,64164.0,0.1
2364000,161775,64164.0,0.1
2365000,161843,64164.0,0.1
2367000,161957,64164.0,0.1
2368000,162016,64164.0,0.1
2369000,162085,64164.0,0.1
2370000,162160,64164.0,0.1
2371000,162236,64164.0,0.1
2372000,162313,64164.0,0.1
2373000,162391,64164.0,0.1
2374000,162452,64164.0,0.1
2375000,162514,64164.0,0.1
2381000,162931,64164.0,0.1
2383000,163072,64164.0,0.1
2385000,163211,64164.0,0.1
2387000,163352,64156.0,0.1
2389000,163468,64156.0,0.1
2390000,163532,64156.0,0.1
2391000,163583,64156.0,0.1
2392000,163647,64156.0,0.1
2393000,163717,64156.0,0.1
2394000,163788,64156.0,0.1
2396000,163946,64156.0,0.1
2397000,164029,64156.0,0.1
2398000,164105,64156.0,0.1
2399000,164161,64156.0,0.1
2401000,164272,64156.0,0.1
2402000,164341,64156.0,0.1
2403000,164414,64156.0,0.1
2406000,164630,64156.0,0.1
2408000,164756,64156.0,0.1
2409000,164834,64156.0,0.1
2411000,164982,64156.0,0.1
2412000,165032,64156.0,0.1
2413000,165095,64156.0,0.1
2414000,165168,64156.0,0.1
2415000,165226,64156.0,0.1
2418000,165421,64156.0,0.1
2420000,165554,64156.0,0.1
2421000,165601,64156.0,0.1
2422000,165653,64156.0,0.1
2423000,165705,64156.0,0.1
2424000,165761,64156.0,0.1
2427000,165938,64155.0,0.1
2430000,166137,64155.0,0.1
2431000,166191,64155.0,0.1
2434000,166377,64155.0,0.1
2437000,166578,64155.0,0.1
2438000,166640,64155.0,0.1
2439000,166717,64155.0,0.1
2440000,166794,64155.0,0.1
2441000,166855,64155.0,0.1
2442000,166910,64155.0,0.1
2447000,167230,64155.0,0.1
2448000,167298,64155.0,0.1
2449000,167375,64155.0,0.1
2450000,167454,64155.0,0.1
2452000,167593,64155.0,0.1
2453000,167666,64155.0,0.1
2454000,167731,64155.0,0.1
2455000,167780,64155.0,0.1
2461000,168157,64155.0,0.1
2462000,168209,64155.0,0.1
2464000,168357,64155.0,0.1
2468000,168593,64115.0,0.1
2469000,168644,64115.0,0.1
2471000,168750,64115.0,0.1
2477000,169135,64115.0,0.1
2478000,169193,64115.0,0.1
2479000,169270,64115.0,0.1
2483000,169535,64115.0,0.1
2485000,169677,64115.0,0.1
2486000,169767,64115.0,0.1
2487000,169835,64115.0,0.1
2491000,170123,64115.0,0.1
2496000,170451,64115.0,0.1
2498000,170597,64115.0,0.1
2501000,170815,64115.0,0.1
2503000,170957,64115.0,0.1
2504000,171037,64115.0,0.1
2505000,171120,64115.0,0.1
2506000,171197,64115.0,0.1
2507000,171270,64115.0,0.1
2508000,171345,64115.0,0.1
2509000,171424,64115.0,0.1
2510000,171485,64115.0,0.1
2511000,171543,64115.0,0.1
2513000,171676,64115.0,0.1
2514000,171755,64115.0,0.1
2515000,171826,64115.0,0.1
2517000,171944,64115.0,0.1
2518000,172004,64115.0,0.1
2519000,172072,64115.0,0.1
2520000,172146,64115.0,0.1
2521000,172216,64115.0,0.1
2524000,172447,64115.0,0.1
2525000,172499,64115.0,0.1
2526000,172554,64115.0,0.1
2527000,172604,64115.0,0.1
2530000,172756,64115.0,0.1
2533000,172928,64115.0,0.1
2535000,173060,64115.0,0.1
2536000,173123,64115.0,0.1
2538000,173278,64115.0,0.1
2540000,173409,64115.0,0.1
2541000,173456,64115.0,0.1
2543000,173562,64115.0,0.1
2544000,173639,64115.0,0.1
2545000,173705,64115.0,0.1
2547000,173851,64115.0,0.1
2552000,174207,64115.0,0.1
2553000,174273,64115.0,0.1
2555000,174425,64115.0,0.1
2556000,174495,64115.0,0.1
2557000,174578,64115.0,0.1
2559000,174726,64115.0,0.1
2561000,174853,64115.0,0.1
2562000,174910,64115.0,0.1
2565000,175139,64115.0,0.1
2566000,175197,64115.0,0.1
2569000,175413,64115.0,0.1
2570000,175485,64115.0,0.1
2571000,175557,64115.0,0.1
2572000,175633,64115.0,0.1
2573000,175720,64115.0,0.1
2574000,175797,64115.0,0.1
2577000,176016,64115.0,0.1
2578000,176062,64115.0,0.1
2580000,176190,64115.0,0.1
2582000,176321,64115.0,0.1
2583000,176376,64115.0,0.1
2584000,176444,64115.0,0.1
2585000,176519,64115.0,0.1
2586000,176600,64115.0,0.1
2587000,176679,64115.0,0.1
2588000,176757,64115.0,0.1
2590000,176907,64115.0,0.1
2591000,176984,64115.0,0.1
2593000,177124,64115.0,0.1
2595000,177231,64115.0,0.1
2596000,177300,64115.0,0.1
2598000,177459,64115.0,0.1
2600000,177571,64115.0,0.1
2603000,177752,64115.0,0.1
2604000,177818,64115.0,0.1
2605000,177889,64115.0,0.1
2606000,177957,64115.0,0.1
2608000,178099,64115.0,0.1
2610000,178205,64114.0,0.1
2613000,178410,64114.0,0.1
2614000,178489,64114.0,0.1
2615000,178558,64114.0,0.1
2617000,178669,64114.0,0.1
2618000,178723,64114.0,0.1
2619000,178780,64114.0,0.1
2620000,178837,64114.0,0.1
2621000,178893,64114.0,0.1
2622000,178938,64114.0,0.1
2623000,179010,64114.0,0.1
2625000,179158,64114.0,0.1
2627000,179312,64114.0,0.1
2628000,179390,64114.0,0.1
2630000,179501,64114.0,0.1
2631000,179576,64114.0,0.1
2632000,179657,64114.0,0.1
2633000,179727,64114.0,0.1
2634000,179778,64114.0,0.1
2638000,180069,64113.0,0.1
2639000,180141,64113.0,0.1
2640000,180212,64113.0,0.1
2641000,180291,64103.0,0.1
2642000,180354,64103.0,0.1
2643000,180412,64103.0,0.1
2647000,180695,64103.0,0.1
2648000,180770,64103.0,0.1
2649000,180850,64103.0,0.1
2650000,180922,64103.0,0.1
2652000,181056,64103.0,0.1
2653000,181128,64103.0,0.1
2654000,181199,64103.0,0.1
2656000,181354,64103.0,0.1
2658000,181506,64103.0,0.1
2660000,181645,64103.0,0.1
2662000,181782,64103.0,0.1
2663000,181851,64103.0,0.1
2664000,181909,64103.0,0.1
2665000,181976,64103.0,0.1
2667000,182119,64103.0,0.1
2668000,182192,64103.0,0.1
2669000,182251,64103.0,0.1
2670000,182322,64103.0,0.1
2671000,182397,64103.0,0.1
2672000,182474,64103.0,0.1
2673000,182540,64103.0,0.1
2674000,182608,64103.0,0.1
2675000,182678,64103.0,0.1
2676000,182763,64103.0,0.1
2677000,182844,64103.0,0.1
2678000,182915,64103.0,0.1
2679000,182990,64103.0,0.1
2681000,183122,64103.0,0.1
2683000,183265,64103.0,0.1
2684000,183355,64103.0,0.1
2685000,183431,64103.0,0.1
2688000,183647,64103.0,0.1
2689000,183706,64103.0,0.1
2690000,183790,64103.0,0.1
2692000,183938,64103.0,0.1
2693000,184008,64103.0,0.1
2694000,184075,64103.0,0.1
2695000,184143,64103.0,0.1
2696000,184204,64103.0,0.1
2697000,184262,64103.0,0.1
2698000,184322,64103.0,0.1
2701000,184502,64103.0,0.1
2703000,184631,64103.0,0.1
2705000,184766,64103.0,0.1
2707000,184882,64103.0,0.1
2708000,184951,64103.0,0.1
2709000,185006,64103.0,0.1
2711000,185134,64103.0,0.1
2712000,185204,64103.0,0.1
2714000,185344,64103.0,0.1
2715000,185419,64103.0,0.1
2716000,185472,64103.0,0.1
2717000,185539,64103.0,0.1
2719000,185672,64103.0,0.1
2721000,185788,64103.0,0.1
2722000,185857,64103.0,0.1
2723000,185915,64103.0,0.1
2724000,185990,64103.0,0.1
2726000,186137,64103.0,0.1
2730000,186385,64103.0,0.1
2731000,186466,64103.0,0.1
2732000,186535,64103.0,0.1
2736000,186736,64103.0,0.1
2737000,186793,64103.0,0.1
2738000,186862,64102.0,0.1
2739000,186938,64102.0,0.1
2740000,186995,64102.0,0.1
2741000,187065,64102.0,0.1
2742000,187126,64102.0,0.1
2744000,187274,64102.0,0.1
2746000,187410,64102.0,0.1
2749000,187607,64102.0,0.1
2752000,187803,64102.0,0.1
2753000,187865,64102.0,0.1
2754000,187935,64102.0,0.1
2755000,187993,64102.0,0.1
2756000,188066,64102.0,0.1
2757000,188125,64102.0,0.1
2758000,188195,64102.0,0.1
2759000,188269,64102.0,0.1
2760000,188350,64102.0,0.1
2761000,188417,64102.0,0.1
2762000,188488,64102.0,0.1
2763000,188560,64102.0,0.1
2766000,188769,64102.0,0.1
2767000,188826,64102.0,0.1
2769000,188933,64102.0,0.1
2772000,189126,64102.0,0.1
2776000,189374,64102.0,0.1
2777000,189426,64102.0,0.1
2780000,189603,64102.0,0.1
2783000,189795,64102.0,0.1
2784000,189848,64102.0,0.1
2785000,189920,64102.0,0.1
2786000,189976,64102.0,0.1
2787000,190046,64102.0,0.1
2791000,190339,64102.0,0.1
2793000,190490,64102.0,0.1
2794000,190568,64102.0,0.1
2795000,190646,64102.0,0.1
2798000,190855,64102.0,0.1
2799000,190923,64102.0,0.1
2800000,190989,64102.0,0.1
2802000,191133,64102.0,0.1
2805000,191317,64102.0,0.1
2808000,191493,64102.0,0.1
2809000,191559,64102.0,0.1
2811000,191721,64102.0,0.1
2812000,191767,64102.0,0.1
2813000,191829,64102.0,0.1
2816000,192045,64102.0,0.1
2819000,192242,64102.0,0.1
2820000,192309,64102.0,0.1
2821000,192379,64102.0,0.1
2824000,192605,64102.0,0.1
2826000,192747,64102.0,0.1
2828000,192871,64102.0,0.1
2830000,193008,64102.0,0.1
2832000,193142,64102.0,0.1
2833000,193210,64102.0,0.1
2834000,193281,64102.0,0.1
2835000,193348,64102.0,0.1
2837000,193489,64102.0,0.1
2838000,193543,64102.0,0.1
2840000,193682,64102.0,0.1
2845000,193974,64102.0,0.1
2846000,194040,64102.0,0.1
2847000,194108,64102.0,0.1
2848000,194182,64102.0,0.1
2849000,194254,64102.0,0.1
2851000,194359,64102.0,0.1
2853000,194496,64102.0,0.1
2855000,194640,64102.0,0.1
2856000,194714,64102.0,0.1
2858000,194862,64102.0,0.1
2859000,194917,64102.0,0.1
2861000,195032,64102.0,0.1
2862000,195092,64102.0,0.1
2864000,195231,64102.0,0.1
2865000,195310,64102.0,0.1
2866000,195388,64102.0,0.1
2867000,195463,64102.0,0.1
2869000,195613,64102.0,0.1
2870000,195684,64102.0,0.1
2872000,195844,64102.0,0.1
2873000,195919,64102.0,0.1
2874000,195976,64102.0,0.1
2875000,196054,64102.0,0.1
2878000,196265,64102.0,0.1
2879000,196323,64102.0,0.1
2880000,196378,64102.0,0.1
2881000,196454,64102.0,0.1
2882000,196531,64102.0,0.1
2883000,196599,64102.0,0.1
2888000,196918,64102.0,0.1
2890000,197045,64102.0,0.1
2892000,197171,64102.0,0.1
2897000,197519,64102.0,0.1
2898000,197574,64102.0,0.1
2900000,197714,64102.0,0.1
2901000,197788,64102.0,0.1
2902000,197837,64102.0,0.1
2904000,197968,64102.0,0.1
2906000,198102,64102.0,0.1
2908000,198221,64102.0,0.1
2909000,198287,64102.0,0.1
2915000,198688,64102.0,0.1
2916000,198749,64102.0,0.1
2917000,198819,64102.0,0.1
2920000,199017,64102.0,0.1
2921000,199090,64102.0,0.1
2922000,199162,64102.0,0.1
2926000,199447,64102.0,0.1
2927000,199520,64102.0,0.1
2928000,199576,64102.0,0.1
2929000,199649,64102.0,0.1
2930000,199713,64102.0,0.1
2934000,199963,64102.0,0.1
2935000,200030,64102.0,0.1
2937000,200155,64102.0,0.1
2938000,200225,64102.0,0.1
2940000,200357,64102.0,0.1
2941000,200413,64102.0,0.1
2942000,200476,64102.0,0.1
2943000,200555,64102.0,0.1
2946000,200740,64102.0,0.1
2947000,200817,64102.0,0.1
2952000,201131,64095.0,0.1
2953000,201178,64095.0,0.1
2955000,201295,64094.0,0.1
2956000,201357,64094.0,0.1
2957000,201426,64094.0,0.1
2959000,201555,64094.0,0.1
2961000,201697,64094.0,0.1
2962000,201758,64094.0,0.1
2963000,201819,64094.0,0.1
2964000,201872,64094.0,0.1
2965000,201923,64094.0,0.1
2967000,202049,64094.0,0.1
2970000,202256,64094.0,0.1
2971000,202329,64094.0,0.1
2972000,202402,64094.0,0.1
2973000,202470,64094.0,0.1
2974000,202536,64094.0,0.1
2975000,202612,64094.0,0.1
2976000,202676,64094.0,0.1
2979000,202839,64094.0,0.1
2983000,203085,64094.0,0.1
2984000,203139,64094.0,0.1
2985000,203194,64094.0,0.1
2986000,203244,64094.0,0.1
2987000,203303,64094.0,0.1
2989000,203411,64094.0,0.1
2991000,203514,64094.0,0.1
2992000,203573,64094.0,0.1
2993000,203641,64094.0,0.1
2994000,203712,64094.0,0.1
2995000,203788,64094.0,0.1
2998000,203972,64094.0,0.1
3001000,204184,64094.0,0.1
3002000,204238,64094.0,0.1
3005000,204430,64094.0,0.1
3006000,204492,64094.0,0.1
3007000,204558,64094.0,0.1
3009000,204702,64094.0,0.1
3010000,204770,64094.0,0.1
3013000,204998,64094.0,0.1
3016000,205224,64094.0,0.1
3017000,205274,64094.0,0.1
3018000,205326,64094.0,0.1
3019000,205390,64094.0,0.1
3020000,205460,64094.0,0.1
3022000,205563,64094.0,0.1
3023000,205632,64094.0,0.1
3024000,205681,64094.0,0.1
3028000,205912,64094.0,0.1
3030000,206055,64094.0,0.1
3031000,206118,64094.0,0.1
3034000,206290,64094.0,0.1
3035000,206365,64094.0,0.1
3036000,206432,64094.0,0.1
3037000,206503,64094.0,0.1
3038000,206576,64094.0,0.1
3039000,206652,64094.0,0.1
3041000,206785,64094.0,0.1
3042000,206856,64094.0,0.1
3043000,206938,64094.0,0.1
3045000,207092,64094.0,0.1
3048000,207320,64094.0,0.1
3050000,207464,64094.0,0.1
3051000,207529,64094.0,0.1
3052000,207605,64094.0,0.1
3054000,207736,64094.0,0.1
3056000,207852,64094.0,0.1
3058000,207983,64094.0,0.1
3059000,208061,64094.0,0.1
3060000,208131,64094.0,0.1
3062000,208288,64094.0,0.1
3063000,208339,64094.0,0.1
3064000,208391,64094.0,0.1
3066000,208518,64094.0,0.1
3067000,208585,64094.0,0.1
3068000,208664,64094.0,0.1
3069000,208732,64094.0,0.1
3070000,208787,64094.0,0.1
3071000,208851,64094.0,0.1
3072000,208930,64094.0,0.1
3073000,208992,64094.0,0.1
3074000,209062,64094.0,0.1
3076000,209198,64094.0,0.1
3078000,209313,64094.0,0.1
3080000,209451,64094.0,0.1
3081000,209522,64094.0,0.1
3082000,209595,64094.0,0.1
3083000,209660,64094.0,0.1
3085000,209784,64094.0,0.1
3086000,209832,64094.0,0.1
3087000,209884,64094.0,0.1
3089000,210013,64094.0,0.1
3090000,210094,64094.0,0.1
3091000,210165,64094.0,0.1
3092000,210217,64094.0,0.1
3097000,210506,64094.0,0.1
3098000,210576,64094.0,0.1
3102000,210780,64094.0,0.1
3105000,210947,64094.0,0.1
3108000,211170,64094.0,0.1
3109000,211244,64094.0,0.1
3110000,211313,64094.0,0.1
3111000,211389,64094.0,0.1
3112000,211457,64094.0,0.1
3115000,211664,64094.0,0.1
3116000,211746,64094.0,0.1
3118000,211883,64094.0,0.1
3120000,212007,64094.0,0.1
3121000,212081,64094.0,0.1
3123000,212232,64094.0,0.1
3124000,212306,64094.0,0.1
3125000,212383,64094.0,0.1
3126000,212462,64094.0,0.1
3128000,212605,64094.0,0.1
3130000,212740,64094.0,0.1
3131000,212804,64094.0,0.1
3132000,212879,64094.0,0.1
3135000,213041,64094.0,0.1
3136000,213118,64094.0,0.1
3137000,213176,64094.0,0.1
3139000,213287,64094.0,0.1
3140000,213343,64094.0,0.1
3142000,213485,64094.0,0.1
3145000,213691,64094.0,0.1
3146000,213766,64094.0,0.1
3147000,213816,64094.0,0.1
3148000,213872,64094.0,0.1
3152000,214143,64094.0,0.1
3153000,214208,64094.0,0.1
3155000,214335,64094.0,0.1
3159000,214608,64094.0,0.1
3160000,214663,64094.0,0.1
3161000,214726,64094.0,0.1
3163000,214857,64094.0,0.1
3165000,214996,64094.0,0.1
3166000,215056,64094.0,0.1
3167000,215115,64094.0,0.1
3169000,215264,64094.0,0.1
3171000,215404,64094.0,0.1
3172000,215453,64094.0,0.1
3173000,215515,64094.0,0.1
3174000,215574,64094.0,0.1
3175000,215648,64094.0,0.1
3176000,215722,64094.0,0.1
3177000,215805,64094.0,0.1
3179000,215966,64094.0,0.1
3180000,216048,64094.0,0.1
3182000,216192,64094.0,0.1
3183000,216267,64094.0,0.1
3184000,216347,64092.0,0.1
3185000,216407,64092.0,0.1
3187000,216548,64092.0,0.1
3189000,216688,64092.0,0.1
3191000,216817,64092.0,0.1
3192000,216877,64092.0,0.1
3195000,217056,64092.0,0.1
3198000,217273,64092.0,0.1
3199000,217343,64092.0,0.1
3201000,217487,64092.0,0.1
3202000,217549,64092.0,0.1
3203000,217622,64092.0,0.1
3204000,217691,64092.0,0.1
3208000,217953,64069.0,0.1
3209000,218011,64069.0,0.1
3210000,218067,64069.0,0.1
3215000,218345,64068.0,0.1
3216000,218408,64068.0,0.1
3217000,218467,64068.0,0.1
3218000,218519,64068.0,0.1
3219000,218578,64068.0,0.1
3220000,218642,64068.0,0.1
3221000,218714,64068.0,0.1
3223000,218852,64068.0,0.1
3225000,218990,64068.0,0.1
3226000,219062,64068.0,0.1
3229000,219273,64068.0,0.1
3230000,219337,64068.0,0.1
3231000,219402,64068.0,0.1
3232000,219459,64068.0,0.1
3234000,219556,64068.0,0.1
3239000,219821,64068.0,0.1
3240000,219860,64068.0,0.1
3242000,220011,64068.0,0.1
3243000,220060,64068.0,0.1
3246000,220251,64068.0,0.1
3247000,220300,64068.0,0.1
3248000,220350,64068.0,0.1
3250000,220469,64068.0,0.1
3251000,220533,64068.0,0.1
3254000,220723,64068.0,0.1
3255000,220774,64068.0,0.1
3256000,220833,64068.0,0.1
3258000,220969,64068.0,0.1
3259000,221043,64068.0,0.1
3260000,221109,64068.0,0.1
3262000,221260,64068.0,0.1
3263000,221314,64068.0,0.1
3265000,221433,64068.0,0.1
3267000,221528,64068.0,0.1
3269000,221625,64068.0,0.1
3270000,221686,64068.0,0.1
3271000,221738,64068.0,0.1
3272000,221792,64068.0,0.1
3273000,221841,64068.0,0.1
3275000,221943,64068.0,0.1
3276000,221997,64068.0,0.1
3277000,222054,64068.0,0.1
3280000,222248,64068.0,0.1
3281000,222315,64068.0,0.1
3283000,222459,64068.0,0.1
3286000,222650,64068.0,0.1
3287000,222699,64068.0,0.1
3289000,222822,64068.0,0.1
3292000,223002,64068.0,0.1
3294000,223124,64068.0,0.1
3295000,223197,64068.0,0.1
3296000,223276,64068.0,0.1
3297000,223354,64068.0,0.1
3298000,223433,64068.0,0.1
3299000,223510,64068.0,0.1
3301000,223657,64068.0,0.1
3303000,223802,64068.0,0.1
3304000,223862,64068.0,0.1
3305000,223922,64068.0,0.1
3306000,224004,64068.0,0.1
3307000,224085,64068.0,0.1
3308000,224159,64068.0,0.1
3309000,224234,64068.0,0.1
3310000,224314,64068.0,0.1
3311000,224374,64068.0,0.1
3312000,224431,64058.0,0.1
3313000,224495,64058.0,0.1
3314000,224547,64058.0,0.1
3315000,224612,64058.0,0.1
3316000,224666,64058.0,0.1
3317000,224718,64058.0,0.1
3318000,224779,64058.0,0.1
3320000,224910,64058.0,0.1
3321000,224981,64058.0,0.1
3322000,225051,64058.0,0.1
3323000,225102,64058.0,0.1
3325000,225235,64058.0,0.1
3327000,225361,64058.0,0.1
3328000,225438,64058.0,0.1
3329000,225491,64058.0,0.1
3333000,225746,64058.0,0.1
3334000,225814,64058.0,0.1
3335000,225888,64058.0,0.1
3336000,225961,64058.0,0.1
3337000,226020,64058.0,0.1
3338000,226088,64057.0,0.1
3339000,226159,64057.0,0.1
3342000,226381,64057.0,0.1
3345000,226590,64057.0,0.1
3347000,226731,64057.0,0.1
3348000,226802,64057.0,0.1
3350000,226952,64057.0,0.1
3351000,227025,64057.0,0.1
3353000,227175,64057.0,0.1
3355000,227303,64057.0,0.1
3358000,227519,64057.0,0.1
3359000,227587,64057.0,0.1
3360000,227651,64057.0,0.1
3361000,227711,64057.0,0.1
3362000,227776,64057.0,0.1
3363000,227828,64057.0,0.1
3366000,228027,64057.0,0.1
3367000,228107,64057.0,0.1
3369000,228258,64057.0,0.1
3370000,228335,64057.0,0.1
3371000,228411,64057.0,0.1
3372000,228483,64057.0,0.1
3373000,228557,64057.0,0.1
3374000,228627,64057.0,0.1
3375000,228704,64057.0,0.1
3376000,228785,64057.0,0.1
3381000,229092,64057.0,0.1
3382000,229163,64057.0,0.1
3386000,229460,64057.0,0.1
3388000,229597,64057.0,0.1
3389000,229671,64057.0,0.1
3391000,229814,64057.0,0.1
3393000,229955,64057.0,0.1
3395000,230080,64057.0,0.1
3396000,230135,64057.0,0.1
3398000,230257,64057.0,0.1
3400000,230387,64057.0,0.1
3401000,230456,64057.0,0.1
3404000,230648,64057.0,0.1
3405000,230694,64057.0,0.1
3408000,230873,64057.0,0.1
3409000,230953,64057.0,0.1
3410000,231034,64057.0,0.1
3411000,231094,64057.0,0.1
3412000,231157,64057.0,0.1
3413000,231221,64057.0,0.1
3414000,231293,64057.0,0.1
3415000,231345,64057.0,0.1
3417000,231475,64057.0,0.1
3418000,231548,64057.0,0.1
3422000,231826,64057.0,0.1
3423000,231909,64057.0,0.1
3425000,232057,64057.0,0.1
3426000,232112,64057.0,0.1
3427000,232167,64057.0,0.1
3428000,232215,64057.0,0.1
3430000,232360,64057.0,0.1
3433000,232580,64057.0,0.1
3436000,232779,64057.0,0.1
3437000,232839,64057.0,0.1
3438000,232895,64057.0,0.1
3440000,233016,64057.0,0.1
3441000,233072,64057.0,0.1
3443000,233198,64057.0,0.1
3445000,233354,64057.0,0.1
3446000,233426,64057.0,0.1
3447000,233502,64057.0,0.1
3448000,233572,64057.0,0.1
3452000,233817,64057.0,0.1
3457000,234096,64057.0,0.1
3459000,234243,64057.0,0.1
3460000,234307,64057.0,0.1
3463000,234504,64057.0,0.1
3464000,234562,64057.0,0.1
3465000,234623,64057.0,0.1
3467000,234764,64057.0,0.1
3468000,234828,64057.0,0.1
3469000,234882,64057.0,0.1
3470000,234952,64057.0,0.1
3473000,235158,64057.0,0.1
3475000,235275,64057.0,0.1
3480000,235606,64057.0,0.1
3481000,235668,64057.0,0.1
3482000,235722,64057.0,0.1
3483000,235787,64057.0,0.1
3484000,235849,63459.0,0.1
3486000,235978,63459.0,0.1
3487000,236040,63459.0,0.1
3488000,236083,63459.0,0.1
3490000,236207,63459.0,0.1
3492000,236331,63459.0,0.1
3494000,236464,63459.0,0.1
3497000,236639,63459.0,0.1
3498000,236708,63459.0,0.1
3499000,236756,63459.0,0.1
3500000,236830,63459.0,0.1
3501000,236911,63459.0,0.1
3503000,237051,63459.0,0.1
3505000,237185,63459.0,0.1
3507000,237332,63459.0,0.1
3508000,237405,63459.0,0.1
3509000,237481,63459.0,0.1
3510000,237559,63459.0,0.1
3513000,237741,63459.0,0.1
3514000,237802,63459.0,0.1
3515000,237860,63459.0,0.1
3517000,238005,63459.0,0.1
3519000,238148,63459.0,0.1
3521000,238272,63459.0,0.1
3523000,238408,63459.0,0.1
3524000,238470,63459.0,0.1
3525000,238517,63459.0,0.1
3527000,238632,63459.0,0.1
3528000,238697,63459.0,0.1
3529000,238756,63459.0,0.1
3530000,238814,63459.0,0.1
3531000,238865,63459.0,0.1
3533000,238972,63459.0,0.1
3535000,239090,63459.0,0.1
3536000,239151,63459.0,0.1
3537000,239232,63459.0,0.1
3538000,239291,63459.0,0.1
3539000,239346,63459.0,0.1
3541000,239476,63459.0,0.1
3544000,239692,63459.0,0.1
3545000,239741,63459.0,0.1
3546000,239800,63459.0,0.1
3547000,239861,63459.0,0.1
3548000,239937,63459.0,0.1
3550000,240083,63459.0,0.1
3552000,240193,63459.0,0.1
3553000,240251,63459.0,0.1
3555000,240382,63459.0,0.1
3556000,240462,63459.0,0.1
3558000,240604,63459.0,0.1
3561000,240820,63459.0,0.1
3562000,240879,63459.0,0.1
3563000,240946,63459.0,0.1
3564000,241027,63459.0,0.1
3565000,241079,63459.0,0.1
3566000,241153,63459.0,0.1
3567000,241216,63459.0,0.1
3568000,241282,63459.0,0.1
3570000,241398,63459.0,0.1
3571000,241476,63459.0,0.1
3573000,241626,63459.0,0.1
3575000,241784,63459.0,0.1
3576000,241840,63459.0,0.1
3577000,241903,63459.0,0.1
3578000,241962,63459.0,0.1
3582000,242245,63459.0,0.1
3583000,242309,63459.0,0.1
3584000,242374,63459.0,0.1
3585000,242450,63459.0,0.1
3587000,242593,63459.0,0.1
3588000,242653,63459.0,0.1
3589000,242721,63459.0,0.1
3590000,242798,63459.0,0.1
3591000,242882,63459.0,0.1
3593000,243031,63459.0,0.1
3595000,243149,63459.0,0.1
3596000,243205,63459.0,0.1
3597000,243274,63459.0,0.1
3598000,243330,63459.0,0.1
3599000,243400,63459.0,0.1
3600000,243472,63459.0,0.1
3603000,243691,63458.0,0.1
3606000,243929,63458.0,0.1
3607000,244006,63458.0,0.1
3609000,244162,63458.0,0.1
3611000,244286,63458.0,0.1
3613000,244420,63458.0,0.1
3614000,244500,63458.0,0.1
3615000,244570,63458.0,0.1
3616000,244646,63458.0,0.1
3617000,244715,63458.0,0.1
3619000,244842,63458.0,0.1
3620000,244918,63458.0,0.1
3623000,245119,63458.0,0.1
3624000,245185,63458.0,0.1
3625000,245260,63458.0,0.1
3626000,245312,63458.0,0.1
3627000,245381,63458.0,0.1
3628000,245459,63458.0,0.1
3631000,245647,63458.0,0.1
3633000,245783,63458.0,0.1
3634000,245844,63458.0,0.1
3635000,245915,63458.0,0.1
3637000,246034,63458.0,0.1
3638000,246084,63458.0,0.1
3639000,246137,63458.0,0.1
3641000,246289,63458.0,0.1
3642000,246358,63458.0,0.1
3644000,246476,63458.0,0.1
3645000,246532,63458.0,0.1
3647000,246677,63458.0,0.1
3648000,246749,63458.0,0.1
3649000,246826,63458.0,0.1
3650000,246915,63458.0,0.1
3651000,246981,63458.0,0.1
3652000,247039,63458.0,0.1
3653000,247090,63458.0,0.1
3654000,247161,63458.0,0.1
3655000,247209,63458.0,0.1
3656000,247259,63458.0,0.1
3657000,247334,63458.0,0.1
3661000,247620,63458.0,0.1
3662000,247701,63458.0,0.1
3663000,247782,63458.0,0.1
3664000,247845,63458.0,0.1
3665000,247896,63458.0,0.1
3670000,248243,63458.0,0.1
3672000,248350,63458.0,0.1
3674000,248476,63458.0,0.1
3675000,248543,63458.0,0.1
3676000,248599,63458.0,0.1
3677000,248646,63458.0,0.1
3681000,248904,63458.0,0.1
3685000,249206,63458.0,0.1
3686000,249278,63458.0,0.1
3687000,249324,63458.0,0.1
3689000,249439,63458.0,0.1
3691000,249562,63458.0,0.1
3692000,249625,63458.0,0.1
3694000,249726,63458.0,0.1
3695000,249776,63458.0,0.1
3697000,249895,63458.0,0.1
3702000,250216,63458.0,0.1
3703000,250295,63458.0,0.1
3705000,250441,63458.0,0.1
3708000,250658,63455.0,0.1
3709000,250731,63455.0,0.1
3710000,250790,63455.0,0.1
3711000,250851,63455.0,0.1
3712000,250902,63455.0,0.1
3713000,250982,63455.0,0.1
3716000,251195,63441.0,0.1
3717000,251274,63441.0,0.1
3721000,251549,63441.0,0.1
3726000,251858,63441.0,0.1
3728000,251975,63441.0,0.1
3729000,252031,63441.0,0.1
3730000,252095,63441.0,0.1
3733000,252287,63441.0,0.1
3736000,252503,63441.0,0.1
3737000,252584,63441.0,0.1
3739000,252733,63441.0,0.1
3740000,252790,63441.0,0.1
3744000,253030,63441.0,0.1
3745000,253082,63441.0,0.1
3748000,253254,63441.0,0.1
3751000,253462,63441.0,0.1
3752000,253544,63441.0,0.1
3753000,253624,63441.0,0.1
3754000,253698,63441.0,0.1
3757000,253913,63441.0,0.1
3763000,254310,63441.0,0.1
3768000,254582,63441.0,0.1
3769000,254638,63441.0,0.1
3770000,254711,63441.0,0.1
3771000,254772,63441.0,0.1
3772000,254831,63441.0,0.1
3773000,254892,63441.0,0.1
3774000,254953,63441.0,0.1
3779000,255288,63441.0,0.1
3780000,255346,63441.0,0.1
3781000,255422,63441.0,0.1
3782000,255491,63441.0,0.1
3783000,255555,63441.0,0.1
3784000,255629,63441.0,0.1
3785000,255700,63441.0,0.1
3787000,255832,63441.0,0.1
3788000,255900,63441.0,0.1
3789000,255962,63441.0,0.1
3790000,256040,63441.0,0.1
3791000,256109,63441.0,0.1
3792000,256169,63441.0,0.1
3793000,256234,63441.0,0.1
3796000,256421,63441.0,0.1
3798000,256566,63441.0,0.1
3799000,256642,63441.0,0.1
3801000,256789,63441.0,0.1
3802000,256862,63441.0,0.1
3805000,257085,63441.0,0.1
3806000,257158,63441.0,0.1
3811000,257484,63441.0,0.1
3812000,257556,63441.0,0.1
3813000,257626,63441.0,0.1
3815000,257726,63441.0,0.1
3816000,257779,63441.0,0.1
3818000,257907,63441.0,0.1
3819000,257965,63441.0,0.1
3820000,258038,63441.0,0.1
3821000,258104,63441.0,0.1
3822000,258157,63441.0,0.1
3825000,258378,63441.0,0.1
3827000,258509,63441.0,0.1
3829000,258630,63441.0,0.1
3831000,258757,63441.0,0.1
3832000,258829,63441.0,0.1
3834000,258973,63441.0,0.1
3835000,259036,63441.0,0.1
3836000,259101,63441.0,0.1
3838000,259231,63441.0,0.1
3839000,259283,63441.0,0.1
3842000,259462,63441.0,0.1
3843000,259525,63441.0,0.1
3844000,259581,63441.0,0.1
3846000,259715,63441.0,0.1
3847000,259768,63441.0,0.1
3848000,259824,63441.0,0.1
3850000,259945,63441.0,0.1
3851000,260011,63441.0,0.1
3853000,260155,63441.0,0.1
3858000,260491,63441.0,0.1
3859000,260538,63441.0,0.1
3862000,260754,63441.0,0.1
3863000,260816,63441.0,0.1
3864000,260885,63441.0,0.1
3865000,260956,63441.0,0.1
3870000,261316,63439.0,0.1
3871000,261370,63439.0,0.1
3872000,261430,63439.0,0.1
3873000,261501,63439.0,0.1
3876000,261678,63439.0,0.1
3877000,261729,63439.0,0.1
3878000,261788,63439.0,0.1
3880000,261901,63439.0,0.1
3881000,261971,63439.0,0.1
3882000,262027,63439.0,0.1
3883000,262072,63439.0,0.1
3884000,262125,63439.0,0.1
3889000,262462,63439.0,0.1
3890000,262534,63439.0,0.1
3892000,262663,63439.0,0.1
3893000,262716,63439.0,0.1
3894000,262774,63439.0,0.1
3895000,262824,63439.0,0.1
3897000,262978,63439.0,0.1
3901000,263253,63439.0,0.1
3902000,263329,63439.0,0.1
3904000,263465,63439.0,0.1
3905000,263522,63439.0,0.1
3906000,263596,63439.0,0.1
3907000,263651,63439.0,0.1
3908000,263728,63439.0,0.1
3909000,263788,63439.0,0.1
3912000,264002,63439.0,0.1
3913000,264075,63439.0,0.1
3914000,264147,63439.0,0.1
3916000,264303,63439.0,0.1
3917000,264373,63439.0,0.1
3918000,264447,63439.0,0.1
3919000,264509,63439.0,0.1
3920000,264576,63439.0,0.1
3921000,264644,63439.0,0.1
3922000,264702,63439.0,0.1
3924000,264825,63439.0,0.1
3925000,264880,63439.0,0.1
3926000,264930,63439.0,0.1
3927000,264994,63439.0,0.1
3928000,265051,63439.0,0.1
3930000,265182,63439.0,0.1
3932000,265311,63439.0,0.1
3934000,265466,63439.0,0.1
3936000,265605,63439.0,0.1
3939000,265801,63439.0,0.1
3942000,265999,63439.0,0.1
3943000,266066,63439.0,0.1
3944000,266140,63439.0,0.1
3946000,266294,63439.0,0.1
3950000,266592,63439.0,0.1
3951000,266658,63439.0,0.1
3954000,266841,63439.0,0.1
3955000,266918,63439.0,0.1
3959000,267136,63439.0,0.1
3960000,267190,63439.0,0.1
3961000,267242,63439.0,0.1
3962000,267321,63439.0,0.1
3964000,267453,63439.0,0.1
3965000,267530,63439.0,0.1
3969000,267796,63439.0,0.1
3970000,267857,63439.0,0.1
3972000,267997,63439.0,0.1
3974000,268141,63439.0,0.1
3976000,268292,63439.0,0.1
3982000,268666,63438.0,0.1
3985000,268853,63438.0,0.1
3986000,268928,63438.0,0.1
3987000,268976,63438.0,0.1
3988000,269034,63438.0,0.1
3989000,269111,63438.0,0.1
3992000,269288,63438.0,0.1
3993000,269367,63438.0,0.1
3994000,269456,63438.0,0.1
3997000,269679,63438.0,0.1
3998000,269749,63438.0,0.1
4000000,269875,63438.0,0.1
4004000,270164,63438.0,0.1
4006000,270297,63438.0,0.1
4007000,270362,63438.0,0.1
4008000,270431,63438.0,0.1
4011000,270606,63438.0,0.1
4012000,270687,63438.0,0.1
4014000,270840,63438.0,0.1
4017000,271016,63438.0,0.1
4018000,271083,63438.0,0.1
4020000,271226,63438.0,0.1
4021000,271304,63438.0,0.1
4022000,271380,63438.0,0.1
4023000,271458,63438.0,0.1
4024000,271521,63438.0,0.1
4025000,271590,63438.0,0.1
4028000,271794,63438.0,0.1
4029000,271866,63438.0,0.1
4031000,272006,63438.0,0.1
4034000,272182,63438.0,0.1
4036000,272329,63438.0,0.1
4038000,272471,63438.0,0.1
4039000,272542,63438.0,0.1
4040000,272612,63438.0,0.1
4041000,272666,63438.0,0.1
4043000,272803,63438.0,0.1
4044000,272860,63437.0,0.1
4045000,272938,63437.0,0.1
4047000,273077,63437.0,0.1
4048000,273141,63437.0,0.1
4050000,273248,63437.0,0.1
4051000,273323,63437.0,0.1
4055000,273611,63437.0,0.1
4057000,273752,63437.0,0.1
4058000,273819,63437.0,0.1
4060000,273949,63437.0,0.1
4061000,274020,63437.0,0.1
4062000,274082,63437.0,0.1
4065000,274309,63437.0,0.1
4066000,274370,63437.0,0.1
4067000,274445,63437.0,0.1
4068000,274516,63437.0,0.1
4069000,274587,63437.0,0.1
4070000,274669,63437.0,0.1
4073000,274891,63437.0,0.1
4077000,275165,63437.0,0.1
4078000,275226,63437.0,0.1
4082000,275489,63437.0,0.1
4084000,275626,63437.0,0.1
4086000,275756,63437.0,0.1
4089000,275968,63437.0,0.1
4090000,276032,63437.0,0.1
4092000,276141,63437.0,0.1
4093000,276201,63437.0,0.1
4094000,276276,63437.0,0.1
4096000,276429,63437.0,0.1
4097000,276497,63437.0,0.1
4098000,276575,63437.0,0.1
4099000,276647,63437.0,0.1
4100000,276718,63437.0,0.1
4103000,276894,63437.0,0.1
4104000,276965,63437.0,0.1
4105000,277041,63437.0,0.1
4106000,277100,63437.0,0.1
4109000,277288,63437.0,0.1
4111000,277411,63437.0,0.1
4112000,277491,63437.0,0.1
4114000,277639,63437.0,0.1
4115000,277698,63437.0,0.1
4116000,277756,63437.0,0.1
4118000,277867,63437.0,0.1
4119000,277938,63437.0,0.1
4122000,278110,63437.0,0.1
4123000,278175,63437.0,0.1
4125000,278322,63437.0,0.1
4126000,278385,63437.0,0.1
4127000,278439,63437.0,0.1
4128000,278493,63437.0,0.1
4130000,278602,63437.0,0.1
4132000,278715,63437.0,0.1
4133000,278783,63437.0,0.1
4134000,278857,63437.0,0.1
4135000,278937,63437.0,0.1
4137000,279098,63437.0,0.1
4139000,279242,63437.0,0.1
4140000,279318,63437.0,0.1
4141000,279394,63437.0,0.1
4142000,279447,63437.0,0.1
4143000,279521,63437.0,0.1
4144000,279594,63437.0,0.1
4147000,279795,63437.0,0.1
4148000,279844,63437.0,0.1
4149000,279902,63437.0,0.1
4153000,280181,63437.0,0.1
4154000,280239,63437.0,0.1
4156000,280368,63437.0,0.1
4157000,280434,63437.0,0.1
4159000,280581,63437.0,0.1
4160000,280645,63437.0,0.1
4161000,280703,63437.0,0.1
4162000,280787,63437.0,0.1
4164000,280929,63437.0,0.1
4165000,280996,63437.0,0.1
4167000,281135,63437.0,0.1
4169000,281274,63437.0,0.1
4172000,281482,63437.0,0.1
4174000,281621,63437.0,0.1
4176000,281775,63437.0,0.1
4179000,282014,63437.0,0.1
4180000,282093,63437.0,0.1
4187000,282580,63437.0,0.1
4189000,282726,63437.0,0.1
4190000,282806,63437.0,0.1
4192000,282959,63437.0,0.1
4194000,283093,63437.0,0.1
4196000,283220,63437.0,0.1
4197000,283272,63437.0,0.1
4198000,283330,63437.0,0.1
4199000,283390,63437.0,0.1
4200000,283447,63437.0,0.1
4203000,283631,63437.0,0.1
4204000,283701,63437.0,0.1
4205000,283762,63437.0,0.1
4206000,283840,63437.0,0.1
4208000,283962,63437.0,0.1
4211000,284177,63437.0,0.1
4212000,284243,63437.0,0.1
4213000,284307,63437.0,0.1
4217000,284594,63437.0,0.1
4219000,284751,63437.0,0.1
4220000,284816,63437.0,0.1
4222000,284951,63437.0,0.1
4224000,285071,63437.0,0.1
4225000,285139,63437.0,0.1
4230000,285454,63437.0,0.1
4231000,285514,63437.0,0.1
4234000,285669,63437.0,0.1
4235000,285724,63437.0,0.1
4238000,285910,63437.0,0.1
4239000,285975,63437.0,0.1
4240000,286054,63437.0,0.1
4241000,286119,63437.0,0.1
4242000,286184,63437.0,0.1
4245000,286350,63437.0,0.1
4247000,286488,63437.0,0.1
4249000,286610,63437.0,0.1
4251000,286760,63437.0,0.1
4252000,286838,63437.0,0.1
4253000,286915,63437.0,0.1
4256000,287095,63437.0,0.1
4257000,287169,63437.0,0.1
4258000,287231,63437.0,0.1
4262000,287479,63437.0,0.1
4263000,287562,63437.0,0.1
4264000,287635,63437.0,0.1
4265000,287716,63437.0,0.1
4266000,287764,63437.0,0.1
4267000,287823,63437.0,0.1
4268000,287884,63437.0,0.1
4271000,288119,63437.0,0.1
4272000,288191,63437.0,0.1
4275000,288352,63437.0,0.1
4276000,288427,63437.0,0.1
4278000,288524,63437.0,0.1
4279000,288574,63437.0,0.1
4281000,288711,63437.0,0.1
4284000,288924,63437.0,0.1
4285000,288992,63437.0,0.1
4286000,289065,63437.0,0.1
4287000,289134,63437.0,0.1
4289000,289243,63430.0,0.1
4290000,289302,63430.0,0.1
4292000,289441,63430.0,0.1
4293000,289501,63430.0,0.1
4294000,289551,63430.0,0.1
4295000,289610,63430.0,0.1
4296000,289686,63430.0,0.1
4297000,289765,63430.0,0.1
4298000,289832,63430.0,0.1
4299000,289887,63430.0,0.1
4304000,290191,63430.0,0.1
4305000,290245,63430.0,0.1
4306000,290316,63430.0,0.1
4307000,290377,63430.0,0.1
4308000,290438,63430.0,0.1
4309000,290511,63430.0,0.1
4310000,290568,63430.0,0.1
4311000,290617,63430.0,0.1
4312000,290684,63430.0,0.1
4313000,290752,63430.0,0.1
4314000,290800,63430.0,0.1
4320000,291194,63430.0,0.1
4322000,291329,63430.0,0.1
4324000,291441,63430.0,0.1
4325000,291518,63430.0,0.1
4327000,291654,63430.0,0.1
4328000,291702,63430.0,0.1
4329000,291771,63430.0,0.1
4332000,291957,63430.0,0.1
4336000,292253,63430.0,0.1
4339000,292452,63430.0,0.1
4341000,292617,63430.0,0.1
4342000,292681,63430.0,0.1
4343000,292759,63430.0,0.1
4346000,292959,63430.0,0.1
4347000,293019,63430.0,0.1
4349000,293142,63430.0,0.1
4350000,293203,63430.0,0.1
4352000,293309,63430.0,0.1
4353000,293379,63430.0,0.1
4357000,293666,63430.0,0.1
4358000,293744,63430.0,0.1
4362000,294035,63430.0,0.1
4363000,294096,63430.0,0.1
4364000,294151,63430.0,0.1
4366000,294259,63430.0,0.1
4367000,294317,63430.0,0.1
4368000,294377,63430.0,0.1
4369000,294457,63430.0,0.1
4370000,294535,63430.0,0.1
4374000,294826,63430.0,0.1
4375000,294898,63430.0,0.1
4376000,294953,63430.0,0.1
4379000,295138,63430.0,0.1
4382000,295330,63430.0,0.1
4383000,295387,63430.0,0.1
4384000,295439,63430.0,0.1
4386000,295568,63430.0,0.1
4388000,295698,63430.0,0.1
4389000,295764,63430.0,0.1
4392000,295984,63430.0,0.1
4394000,296136,63430.0,0.1
4395000,296205,63430.0,0.1
4396000,296286,63430.0,0.1
4398000,296416,63430.0,0.1
4399000,296489,63430.0,0.1
4402000,296698,63430.0,0.1
4403000,296766,63430.0,0.1
4407000,297020,63430.0,0.1
4409000,297142,63430.0,0.1
4410000,297201,63430.0,0.1
4411000,297262,63430.0,0.1
4412000,297322,63430.0,0.1
4414000,297461,63430.0,0.1
4415000,297528,63430.0,0.1
4416000,297603,63430.0,0.1
4417000,297662,63430.0,0.1
4419000,297757,63430.0,0.1
4420000,297831,63430.0,0.1
4421000,297911,63430.0,0.1
4422000,297988,63430.0,0.1
4423000,298063,63430.0,0.1
4424000,298123,63430.0,0.1
4425000,298182,63430.0,0.1
4428000,298398,63430.0,0.1
4431000,298599,63430.0,0.1
4433000,298744,63430.0,0.1
4435000,298871,63430.0,0.1
4436000,298926,63430.0,0.1
4437000,298996,63430.0,0.1
4438000,299047,63430.0,0.1
4439000,299100,63430.0,0.1
4440000,299178,63430.0,0.1
4441000,299251,63430.0,0.1
4442000,299298,63430.0,0.1
4445000,299478,63430.0,0.1
4446000,299524,63430.0,0.1
4449000,299706,63430.0,0.1
4450000,299781,63430.0,0.1
4451000,299834,63430.0,0.1
4452000,299903,63430.0,0.1
4453000,299963,63430.0,0.1
4455000,300114,63430.0,0.1
4457000,300238,63430.0,0.1
4459000,300375,63430.0,0.1
4460000,300444,63430.0,0.1
4461000,300515,63430.0,0.1
4465000,300787,63430.0,0.1
4466000,300849,63430.0,0.1
4467000,300906,63430.0,0.1
4469000,301040,63430.0,0.1
4471000,301181,63430.0,0.1
4472000,301235,63430.0,0.1
4478000,301639,63430.0,0.1
4479000,301696,63430.0,0.1
4480000,301749,63430.0,0.1
4481000,301802,63430.0,0.1
4483000,301940,63430.0,0.1
4484000,302021,63430.0,0.1
4485000,302084,63430.0,0.1
4488000,302273,63430.0,0.1
4489000,302333,63430.0,0.1
4491000,302457,63430.0,0.1
4492000,302523,63430.0,0.1
4493000,302583,63430.0,0.1
4495000,302726,63430.0,0.1
4497000,302867,63430.0,0.1
4499000,303018,63430.0,0.1
4500000,303082,63430.0,0.1
4501000,303141,63430.0,0.1
4503000,303275,63430.0,0.1
4504000,303345,63430.0,0.1
4506000,303483,63430.0,0.1
4507000,303548,63430.0,0.1
4508000,303616,63430.0,0.1
4509000,303686,63430.0,0.1
4513000,303942,63430.0,0.1
4514000,304006,63430.0,0.1
4515000,304069,63430.0,0.1
4516000,304139,63430.0,0.1
4517000,304216,63430.0,0.1
4518000,304294,63430.0,0.1
4520000,304404,63429.0,0.1
4521000,304472,63429.0,0.1
4523000,304616,63429.0,0.1
4527000,304898,63429.0,0.1
4528000,304969,63429.0,0.1
4531000,305148,63429.0,0.1
4533000,305276,63429.0,0.1
4534000,305348,63429.0,0.1
4536000,305506,63429.0,0.1
4537000,305583,63429.0,0.1
4539000,305731,63429.0,0.1
4540000,305799,63429.0,0.1
4541000,305872,63429.0,0.1
4543000,306010,63429.0,0.1
4544000,306084,63429.0,0.1
4545000,306174,63429.0,0.1
4546000,306246,63429.0,0.1
4547000,306333,63429.0,0.1
4549000,306471,63429.0,0.1
4550000,306551,63429.0,0.1
4552000,306695,63429.0,0.1
4553000,306764,63429.0,0.1
4554000,306828,63429.0,0.1
4555000,306896,63429.0,0.1
4556000,306956,63429.0,0.1
4560000,307236,63429.0,0.1
4561000,307305,63429.0,0.1
4562000,307374,63429.0,0.1
4563000,307441,63429.0,0.1
4564000,307511,63429.0,0.1
4565000,307591,63429.0,0.1
4567000,307736,63429.0,0.1
4569000,307888,63429.0,0.1
4570000,307938,63429.0,0.1
4572000,308078,63429.0,0.1
4573000,308128,63429.0,0.1
4574000,308185,63429.0,0.1
4577000,308362,63429.0,0.1
4578000,308435,63429.0,0.1
4579000,308512,63429.0,0.1
4580000,308575,63429.0,0.1
4583000,308762,63429.0,0.1
4584000,308837,63429.0,0.1
4585000,308915,63429.0,0.1
4586000,308985,63429.0,0.1
4587000,309056,63429.0,0.1
4588000,309133,63429.0,0.1
4589000,309207,63429.0,0.1
4590000,309282,63429.0,0.1
4591000,309365,63429.0,0.1
4593000,309515,63429.0,0.1
4594000,309583,63429.0,0.1
4595000,309641,63429.0,0.1
4596000,309713,63429.0,0.1
4597000,309782,63429.0,0.1
4598000,309848,63429.0,0.1
4599000,309914,63429.0,0.1
4600000,309991,63429.0,0.1
4601000,310053,63429.0,0.1
4603000,310167,63429.0,0.1
4604000,310217,63429.0,0.1
4605000,310274,63429.0,0.1
4609000,310572,63429.0,0.1
4611000,310732,63429.0,0.1
4612000,310787,63429.0,0.1
4614000,310887,63429.0,0.1
4616000,311016,63429.0,0.1
4617000,311072,63429.0,0.1
4618000,311131,63429.0,0.1
4619000,311204,63429.0,0.1
4621000,311335,63429.0,0.1
4622000,311408,63429.0,0.1
4623000,311476,63429.0,0.1
4624000,311546,63429.0,0.1
4625000,311613,63429.0,0.1
4627000,311761,63429.0,0.1
4630000,311939,63429.0,0.1
4631000,312006,63429.0,0.1
4633000,312156,63429.0,0.1
4635000,312290,63429.0,0.1
4637000,312427,63429.0,0.1
4640000,312638,63429.0,0.1
4643000,312860,63429.0,0.1
4644000,312925,63429.0,0.1
4646000,313081,63429.0,0.1
4649000,313285,63429.0,0.1
4650000,313350,63429.0,0.1
4651000,313414,63429.0,0.1
4652000,313493,63429.0,0.1
4653000,313560,63429.0,0.1
4654000,313628,63429.0,0.1
4656000,313766,63429.0,0.1
4657000,313826,63429.0,0.1
4658000,313901,63429.0,0.1
4659000,313968,63429.0,0.1
4660000,314045,63429.0,0.1
4661000,314107,63429.0,0.1
4662000,314173,63429.0,0.1
4664000,314295,63429.0,0.1
4665000,314372,63429.0,0.1
4666000,314451,63429.0,0.1
4668000,314600,63429.0,0.1
4669000,314667,63429.0,0.1
4670000,314747,63429.0,0.1
4671000,314832,63429.0,0.1
4672000,314898,63429.0,0.1
4674000,315043,63429.0,0.1
4675000,315126,63429.0,0.1
4680000,315446,63429.0,0.1
4681000,315502,63429.0,0.1
4682000,315567,63429.0,0.1
4683000,315623,63429.0,0.1
4684000,315687,63429.0,0.1
4686000,315833,63429.0,0.1
4691000,316154,63429.0,0.1
4692000,316220,63389.0,0.1
4693000,316270,63389.0,0.1
4694000,316317,63389.0,0.1
4695000,316382,63389.0,0.1
4696000,316456,63389.0,0.1
4697000,316520,63389.0,0.1
4698000,316591,63389.0,0.1
4700000,316744,63389.0,0.1
4702000,316895,63389.0,0.1
4703000,316979,63389.0,0.1
4704000,317051,63389.0,0.1
4707000,317226,63389.0,0.1
4710000,317433,63389.0,0.1
4712000,317563,63389.0,0.1
4713000,317635,63389.0,0.1
4716000,317828,63389.0,0.1
4718000,317962,63389.0,0.1
4719000,318026,63389.0,0.1
4721000,318143,63389.0,0.1
4722000,318214,63389.0,0.1
4724000,318363,63389.0,0.1
4728000,318628,63389.0,0.1
4729000,318693,63389.0,0.1
4731000,318819,63389.0,0.1
4734000,319004,63389.0,0.1
4739000,319340,63389.0,0.1
4740000,319415,63389.0,0.1
4742000,319532,63389.0,0.1
4747000,319829,63389.0,0.1
4748000,319889,63389.0,0.1
4749000,319957,63388.0,0.1
4750000,320017,63388.0,0.1
4751000,320090,63388.0,0.1
4752000,320158,63388.0,0.1
4753000,320234,63388.0,0.1
4754000,320302,63388.0,0.1
4756000,320428,63388.0,0.1
4759000,320609,63388.0,0.1
4760000,320690,63388.0,0.1
4763000,320892,63388.0,0.1
4765000,321022,63388.0,0.1
4766000,321107,63388.0,0.1
4769000,321328,63388.0,0.1
4770000,321404,63388.0,0.1
4772000,321542,63388.0,0.1
4773000,321618,63388.0,0.1
4775000,321761,63388.0,0.1
4782000,322222,63388.0,0.1
4783000,322276,63388.0,0.1
4786000,322493,63388.0,0.1
4787000,322562,63388.0,0.1
4789000,322691,63388.0,0.1
4791000,322819,63388.0,0.1
4792000,322897,63388.0,0.1
4793000,322976,63388.0,0.1
4796000,323194,63388.0,0.1
4797000,323261,63388.0,0.1
4798000,323315,63388.0,0.1
4799000,323380,63388.0,0.1
4801000,323483,63388.0,0.1
4804000,323703,63388.0,0.1
4805000,323776,63388.0,0.1
4808000,323971,63388.0,0.1
4809000,324052,63388.0,0.1
4810000,324122,63388.0,0.1
4812000,324250,63388.0,0.1
4813000,324312,63388.0,0.1
4814000,324378,63388.0,0.1
4815000,324441,63388.0,0.1
4816000,324497,63388.0,0.1
4817000,324563,63388.0,0.1
4819000,324694,63388.0,0.1
4821000,324828,63388.0,0.1
4822000,324889,63388.0,0.1
4823000,324946,63388.0,0.1
4827000,325188,63388.0,0.1
4828000,325262,63388.0,0.1
4830000,325394,63388.0,0.1
4831000,325469,63388.0,0.1
4832000,325528,63388.0,0.1
4833000,325593,63388.0,0.1
4834000,325671,63388.0,0.1
4836000,325810,63388.0,0.1
4838000,325942,63388.0,0.1
4840000,326053,63388.0,0.1
4841000,326125,63388.0,0.1
4843000,326258,63388.0,0.1
4844000,326325,63388.0,0.1
4845000,326380,63388.0,0.1
4849000,326653,63388.0,0.1
4852000,326840,63388.0,0.1
4853000,326909,63388.0,0.1
4854000,326976,63388.0,0.1
4857000,327163,63388.0,0.1
4858000,327233,63388.0,0.1
4859000,327299,63388.0,0.1
4860000,327368,63388.0,0.1
4861000,327442,63388.0,0.1
4862000,327512,63388.0,0.1
4864000,327669,63388.0,0.1
4865000,327747,63388.0,0.1
4872000,328191,63388.0,0.1
4873000,328268,63388.0,0.1
4874000,328341,63388.0,0.1
4875000,328415,63388.0,0.1
4876000,328480,63388.0,0.1
4878000,328633,63388.0,0.1
4879000,328701,63388.0,0.1
4880000,328751,63388.0,0.1
4881000,328817,63388.0,0.1
4882000,328884,63388.0,0.1
4884000,329031,63388.0,0.1
4886000,329187,63388.0,0.1
4887000,329268,63388.0,0.1
4889000,329409,63388.0,0.1
4890000,329483,63388.0,0.1
4891000,329551,63388.0,0.1
4892000,329615,63388.0,0.1
4895000,329801,63388.0,0.1
4896000,329873,63388.0,0.1
4900000,330134,63388.0,0.1
4901000,330199,63388.0,0.1
4904000,330385,63388.0,0.1
4905000,330454,63388.0,0.1
4906000,330530,63388.0,0.1
4907000,330606,63388.0,0.1
4908000,330663,63388.0,0.1
4910000,330807,63388.0,0.1
4911000,330864,63388.0,0.1
4912000,330934,63388.0,0.1
4914000,331084,63388.0,0.1
4915000,331150,63388.0,0.1
4916000,331218,63388.0,0.1
4921000,331500,63388.0,0.1
4924000,331696,63388.0,0.1
4925000,331767,63388.0,0.1
4928000,331976,63388.0,0.1
4929000,332050,63388.0,0.1
4931000,332178,63388.0,0.1
4935000,332421,63388.0,0.1
4936000,332493,63388.0,0.1
4937000,332568,63388.0,0.1
4938000,332645,63388.0,0.1
4940000,332773,63388.0,0.1
4943000,332968,63388.0,0.1
4944000,333038,63388.0,0.1
4945000,333111,63388.0,0.1
4946000,333180,63388.0,0.1
4948000,333309,63388.0,0.1
4950000,333430,63388.0,0.1
4951000,333497,63388.0,0.1
4952000,333569,63388.0,0.1
4953000,333637,63388.0,0.1
4954000,333708,63388.0,0.1
4955000,333762,63388.0,0.1
4958000,333965,63388.0,0.1
4959000,334019,63388.0,0.1
4961000,334132,63388.0,0.1
4963000,334265,63388.0,0.1
4965000,334387,63388.0,0.1
4966000,334455,63388.0,0.1
4967000,334546,63388.0,0.1
4969000,334680,63388.0,0.1
4971000,334790,63388.0,0.1
4974000,334991,63388.0,0.1
4975000,335055,63388.0,0.1
4977000,335199,63388.0,0.1
4979000,335323,63388.0,0.1
4980000,335397,63388.0,0.1
4982000,335534,63388.0,0.1
4984000,335681,63388.0,0.1
4985000,335758,63388.0,0.1
4986000,335808,63388.0,0.1
4987000,335882,63388.0,0.1
4988000,335957,63388.0,0.1
4989000,336028,63388.0,0.1
4990000,336090,63388.0,0.1
4991000,336156,63388.0,0.1
4992000,336210,63388.0,0.1
4993000,336279,63388.0,0.1
4995000,336408,63388.0,0.1
4996000,336466,63388.0,0.1
4998000,336604,63388.0,0.1
4999000,336661,63388.0,0.1
5000000,336729,63388.0,0.1
5001000,336784,63388.0,0.1
5002000,336850,63388.0,0.1
5003000,336924,63388.0,0.1
5004000,336982,63388.0,0.1
5005000,337028,63388.0,0.1
5007000,337143,63388.0,0.1
5009000,337290,63388.0,0.1
5010000,337369,63388.0,0.1
5011000,337445,63388.0,0.1
5015000,337716,63388.0,0.1
5016000,337787,63388.0,0.1
5017000,337857,63388.0,0.1
5018000,337934,63388.0,0.1
5019000,338010,63388.0,0.1
5020000,338066,63388.0,0.1
5023000,338246,63388.0,0.1
5024000,338328,63388.0,0.1
5025000,338404,63388.0,0.1
5028000,338591,63388.0,0.1
5030000,338710,63388.0,0.1
5031000,338775,63388.0,0.1
5033000,338908,63388.0,0.1
5034000,338965,63388.0,0.1
5035000,339023,63388.0,0.1
5037000,339161,63388.0,0.1
5039000,339272,63388.0,0.1
5042000,339472,63388.0,0.1
5043000,339541,63388.0,0.1
5046000,339766,63388.0,0.1
5049000,339974,63388.0,0.1
5050000,340052,63388.0,0.1
5051000,340118,63388.0,0.1
5052000,340189,63388.0,0.1
5053000,340270,63388.0,0.1
5055000,340420,63388.0,0.1
5056000,340491,63388.0,0.1
5057000,340559,63388.0,0.1
5059000,340683,63388.0,0.1
5061000,340793,63388.0,0.1
5064000,341001,63388.0,0.1
5067000,341199,63388.0,0.1
5069000,341360,63388.0,0.1
5070000,341435,63388.0,0.1
5071000,341513,63388.0,0.1
5072000,341588,63388.0,0.1
5073000,341652,63388.0,0.1
5075000,341789,63388.0,0.1
5078000,341980,63388.0,0.1
5080000,342099,63388.0,0.1
5081000,342157,63388.0,0.1
5082000,342228,63388.0,0.1
5083000,342298,63388.0,0.1
5084000,342372,63388.0,0.1
5085000,342449,63388.0,0.1
5086000,342522,63388.0,0.1
5088000,342671,63388.0,0.1
5093000,342994,63388.0,0.1
5094000,343045,63388.0,0.1
5095000,343112,63388.0,0.1
5096000,343169,63388.0,0.1
5097000,343240,63388.0,0.1
5098000,343313,63388.0,0.1
5099000,343389,63388.0,0.1
5100000,343451,63388.0,0.1
5102000,343582,63388.0,0.1
5103000,343658,63388.0,0.1
5105000,343809,63388.0,0.1
5107000,343933,63388.0,0.1
5108000,343994,63388.0,0.1
5109000,344050,63388.0,0.1
5110000,344110,63388.0,0.1
5112000,344229,63388.0,0.1
5114000,344358,63388.0,0.1
5115000,344414,63388.0,0.1
5116000,344480,63388.0,0.1
5117000,344548,63388.0,0.1
5118000,344629,63388.0,0.1
5120000,344789,63388.0,0.1
5122000,344933,63388.0,0.1
5123000,344985,63388.0,0.1
5127000,345248,63388.0,0.1
5130000,345430,63388.0,0.1
5133000,345597,63388.0,0.1
5135000,345735,63388.0,0.1
5138000,345893,63388.0,0.1
5141000,346080,63388.0,0.1
5142000,346144,63388.0,0.1
5145000,346333,63388.0,0.1
5146000,346410,63388.0,0.1
5147000,346484,63388.0,0.1
5148000,346546,63388.0,0.1
5149000,346593,63388.0,0.1
5150000,346655,63388.0,0.1
5151000,346726,63388.0,0.1
5153000,346859,63388.0,0.1
5154000,346926,63388.0,0.1
5155000,346995,63388.0,0.1
5156000,347070,63388.0,0.1
5158000,347210,63388.0,0.1
5160000,347359,63388.0,0.1
5162000,347506,63388.0,0.1
5164000,347655,63388.0,0.1
5166000,347778,63388.0,0.1
5168000,347907,63388.0,0.1
5169000,347968,63388.0,0.1
5170000,348047,63388.0,0.1
5171000,348121,63388.0,0.1
5172000,348198,63388.0,0.1
5173000,348261,63388.0,0.1
5174000,348314,63388.0,0.1
5177000,348531,63388.0,0.1
5178000,348607,63388.0,0.1
5179000,348671,63388.0,0.1
5181000,348813,63388.0,0.1
5185000,349062,63388.0,0.1
5186000,349113,63388.0,0.1
5187000,349178,63388.0,0.1
5189000,349303,63388.0,0.1
5192000,349475,63388.0,0.1
5193000,349545,63388.0,0.1
5195000,349682,63388.0,0.1
5196000,349758,63388.0,0.1
5197000,349836,63388.0,0.1
5203000,350263,63388.0,0.1
5204000,350330,63388.0,0.1
5209000,350666,63388.0,0.1
5210000,350724,63388.0,0.1
5212000,350864,63388.0,0.1
5214000,350993,63388.0,0.1
5215000,351062,63388.0,0.1
5217000,351193,63388.0,0.1
5220000,351393,63388.0,0.1
5221000,351472,63388.0,0.1
5222000,351528,63388.0,0.1
5223000,351577,63388.0,0.1
5227000,351853,63388.0,0.1
5228000,351929,63388.0,0.1
5229000,352001,63388.0,0.1
5232000,352193,63388.0,0.1
5233000,352245,63388.0,0.1
5234000,352306,63388.0,0.1
5240000,352721,63388.0,0.1
5241000,352796,63388.0,0.1
5242000,352860,63388.0,0.1
5243000,352922,63388.0,0.1
5245000,353035,63388.0,0.1
5246000,353083,63388.0,0.1
5247000,353149,63388.0,0.1
5249000,353278,63388.0,0.1
5250000,353354,63388.0,0.1
5251000,353436,63388.0,0.1
5252000,353516,63388.0,0.1
5253000,353594,63388.0,0.1
5254000,353669,63388.0,0.1
5256000,353826,63388.0,0.1
5257000,353899,63388.0,0.1
5258000,353954,63388.0,0.1
5262000,354236,63388.0,0.1
5263000,354308,63388.0,0.1
5264000,354365,63388.0,0.1
5266000,354469,63388.0,0.1
5268000,354565,63388.0,0.1
5269000,354611,63388.0,0.1
5273000,354824,63388.0,0.1
5274000,354891,63388.0,0.1
5275000,354959,63388.0,0.1
5277000,355101,63388.0,0.1
5278000,355176,63388.0,0.1
5280000,355340,63388.0,0.1
5281000,355416,63388.0,0.1
5282000,355489,63388.0,0.1
5284000,355639,63388.0,0.1
5285000,355715,63388.0,0.1
5286000,355785,63388.0,0.1
5288000,355933,63388.0,0.1
5289000,356009,63388.0,0.1
5291000,356144,63388.0,0.1
5292000,356201,63388.0,0.1
5293000,356276,63388.0,0.1
5294000,356344,63388.0,0.1
5295000,356410,63388.0,0.1
5296000,356478,63388.0,0.1
5297000,356547,63388.0,0.1
5299000,356686,63388.0,0.1
5300000,356759,63388.0,0.1
5301000,356824,63388.0,0.1
5302000,356897,63388.0,0.1
5303000,356956,63388.0,0.1
5304000,357027,63388.0,0.1
5306000,357168,63388.0,0.1
5307000,357226,63388.0,0.1
5308000,357290,63388.0,0.1
5309000,357368,63388.0,0.1
5310000,357447,63388.0,0.1
5312000,357602,63388.0,0.1
5313000,357672,63388.0,0.1
5315000,357819,63388.0,0.1
5316000,357894,63388.0,0.1
5318000,358027,63388.0,0.1
5319000,358080,63388.0,0.1
5321000,358212,63388.0,0.1
5322000,358274,63388.0,0.1
5323000,358331,63388.0,0.1
5324000,358387,63388.0,0.1
5327000,358592,63388.0,0.1
5328000,358649,63388.0,0.1
5329000,358726,63388.0,0.1
5331000,358860,63388.0,0.1
5332000,358931,63388.0,0.1
5333000,358995,63388.0,0.1
5335000,359102,63388.0,0.1
5338000,359287,63388.0,0.1
5339000,359346,63388.0,0.1
5341000,359484,63388.0,0.1
5342000,359558,63388.0,0.1
5343000,359640,63388.0,0.1
5345000,359762,63388.0,0.1
5346000,359836,63388.0,0.1
5350000,360111,63388.0,0.1
5353000,360266,63388.0,0.1
5355000,360388,63388.0,0.1
5356000,360461,63388.0,0.1
5357000,360536,63388.0,0.1
5361000,360815,63388.0,0.1
5362000,360864,63388.0,0.1
5363000,360922,63388.0,0.1
5364000,360995,63388.0,0.1
5365000,361064,63388.0,0.1
5370000,361422,63388.0,0.1
5372000,361553,63388.0,0.1
5373000,361605,63388.0,0.1
5374000,361670,63388.0,0.1
5376000,361819,63388.0,0.1
5378000,361959,63388.0,0.1
5379000,362026,63388.0,0.1
5380000,362091,63388.0,0.1
5385000,362407,63388.0,0.1
5386000,362480,63388.0,0.1
5387000,362561,63388.0,0.1
5388000,362633,63388.0,0.1
5391000,362839,63388.0,0.1
5393000,362944,63388.0,0.1
5395000,363094,63388.0,0.1
5397000,363214,63388.0,0.1
5400000,363433,63388.0,0.1
5401000,363511,63388.0,0.1
5402000,363591,63388.0,0.1
5403000,363657,63388.0,0.1
5405000,363770,63388.0,0.1
5407000,363898,63388.0,0.1
5408000,363980,63388.0,0.1
5409000,364048,63388.0,0.1
5412000,364228,63388.0,0.1
5415000,364407,63388.0,0.1
5416000,364484,63388.0,0.1
5419000,364682,63388.0,0.1
5421000,364790,63388.0,0.1
5422000,364855,63388.0,0.1
5423000,364922,63388.0,0.1
5424000,364976,63388.0,0.1
5425000,365031,63388.0,0.1
5426000,365085,63388.0,0.1
5429000,365278,63388.0,0.1
5434000,365605,63388.0,0.1
5435000,365685,63388.0,0.1
5436000,365750,63388.0,0.1
5437000,365809,63388.0,0.1
5438000,365875,63388.0,0.1
5439000,365928,63388.0,0.1
5440000,365991,63388.0,0.1
5442000,366142,63388.0,0.1
5443000,366226,63388.0,0.1
5444000,366304,63388.0,0.1
5446000,366440,63388.0,0.1
5447000,366509,63388.0,0.1
5449000,366659,63388.0,0.1
5451000,366785,63388.0,0.1
5452000,366857,63388.0,0.1
5454000,366987,63388.0,0.1
5456000,367114,63388.0,0.1
5457000,367168,63388.0,0.1
5458000,367220,63388.0,0.1
5459000,367308,63388.0,0.1
5460000,367389,63388.0,0.1
5462000,367532,63388.0,0.1
5463000,367597,63388.0,0.1
5465000,367731,63388.0,0.1
5466000,367806,63388.0,0.1
5467000,367873,63388.0,0.1
5469000,368018,63388.0,0.1
5470000,368102,63388.0,0.1
5471000,368168,63388.0,0.1
5473000,368287,63388.0,0.1
5474000,368335,63388.0,0.1
5475000,368392,63388.0,0.1
5477000,368539,63388.0,0.1
5478000,368612,63388.0,0.1
5479000,368687,63388.0,0.1
5481000,368831,63388.0,0.1
5483000,368978,63388.0,0.1
5484000,369039,63388.0,0.1
5485000,369107,63388.0,0.1
5487000,369217,63388.0,0.1
5488000,369268,63388.0,0.1
5489000,369316,63388.0,0.1
5490000,369370,63388.0,0.1
5491000,369435,63388.0,0.1
5492000,369502,63388.0,0.1
5493000,369556,63388.0,0.1
5496000,369719,63388.0,0.1
5498000,369826,63388.0,0.1
5499000,369885,63388.0,0.1
5500000,369953,63388.0,0.1
5501000,370012,63388.0,0.1
5502000,370076,63388.0,0.1
5504000,370188,63388.0,0.1
5505000,370250,63388.0,0.1
5506000,370328,63388.0,0.1
5507000,370397,63388.0,0.1
5509000,370539,63388.0,0.1
5510000,370601,63388.0,0.1
5512000,370740,63388.0,0.1
5513000,370805,63388.0,0.1
5514000,370876,63388.0,0.1
5515000,370953,63388.0,0.1
5519000,371220,63388.0,0.1
5520000,371279,63388.0,0.1
5521000,371345,63388.0,0.1
5522000,371408,63388.0,0.1
5525000,371631,63388.0,0.1
5527000,371762,63388.0,0.1
5528000,371843,63388.0,0.1
5529000,371915,63388.0,0.1
5530000,371979,63388.0,0.1
5531000,372049,63388.0,0.1
5532000,372128,63388.0,0.1
5533000,372183,63388.0,0.1
5535000,372328,63388.0,0.1
5536000,372408,63388.0,0.1
5537000,372491,63388.0,0.1
5539000,372634,63388.0,0.1
5542000,372837,63388.0,0.1
5545000,373056,63388.0,0.1
5546000,373139,63388.0,0.1
5548000,373266,63388.0,0.1
5552000,373533,63388.0,0.1
5555000,373720,63388.0,0.1
5557000,373828,63388.0,0.1
5558000,373880,63388.0,0.1
5559000,373950,63388.0,0.1
5562000,374154,63388.0,0.1
5563000,374198,63388.0,0.1
5565000,374321,63388.0,0.1
5569000,374611,63388.0,0.1
5571000,374764,63388.0,0.1
5572000,374820,63388.0,0.1
5573000,374869,63388.0,0.1
5574000,374921,63388.0,0.1
5575000,374995,63388.0,0.1
5576000,375067,63388.0,0.1
5577000,375147,63388.0,0.1
5579000,375285,63388.0,0.1
5580000,375367,63388.0,0.1
5581000,375439,63388.0,0.1
5582000,375521,63388.0,0.1
5583000,375581,63388.0,0.1
5584000,375632,63388.0,0.1
5585000,375697,63388.0,0.1
5586000,375767,63388.0,0.1
5587000,375843,63388.0,0.1
5588000,375916,63388.0,0.1
5590000,376043,63388.0,0.1
5591000,376094,63388.0,0.1
5592000,376162,63388.0,0.1
5597000,376501,63388.0,0.1
5598000,376571,63388.0,0.1
5599000,376630,63388.0,0.1
5600000,376678,63388.0,0.1
5602000,376795,63388.0,0.1
5603000,376842,63388.0,0.1
5604000,376906,63388.0,0.1
5605000,376961,63388.0,0.1
5606000,377028,63388.0,0.1
5607000,377074,63388.0,0.1
5610000,377249,63388.0,0.1
5611000,377314,63388.0,0.1
5612000,377386,63388.0,0.1
5614000,377528,63388.0,0.1
5616000,377680,63388.0,0.1
5617000,377749,63388.0,0.1
5618000,377811,63388.0,0.1
5619000,377879,63388.0,0.1
5623000,378158,63388.0,0.1
5625000,378298,63388.0,0.1
5626000,378350,63388.0,0.1
5628000,378479,63388.0,0.1
5629000,378539,63388.0,0.1
5630000,378594,63388.0,0.1
5632000,378706,63388.0,0.1
5633000,378764,63388.0,0.1
5634000,378824,63388.0,0.1
5635000,378885,63388.0,0.1
5637000,379022,63388.0,0.1
5638000,379096,63388.0,0.1
5640000,379231,63388.0,0.1
5641000,379290,63388.0,0.1
5644000,379432,63388.0,0.1
5646000,379561,63388.0,0.1
5647000,379643,63388.0,0.1
5648000,379718,63388.0,0.1
5651000,379930,63388.0,0.1
5652000,379996,63388.0,0.1
5653000,380063,63388.0,0.1
5654000,380142,63388.0,0.1
5655000,380202,63388.0,0.1
5656000,380272,63388.0,0.1
5657000,380332,63388.0,0.1
5658000,380393,63388.0,0.1
5661000,380543,63388.0,0.1
5662000,380595,63388.0,0.1
5663000,380665,63388.0,0.1
5665000,380776,63388.0,0.1
5666000,380840,63388.0,0.1
5670000,381102,63388.0,0.1
5673000,381315,63388.0,0.1
5675000,381441,63388.0,0.1
5676000,381516,63388.0,0.1
5677000,381590,63388.0,0.1
5678000,381661,63388.0,0.1
5679000,381733,63388.0,0.1
5680000,381788,63388.0,0.1
5685000,382075,63388.0,0.1
5686000,382122,63388.0,0.1
5688000,382264,63388.0,0.1
5690000,382405,63388.0,0.1
5691000,382476,63388.0,0.1
5692000,382544,63388.0,0.1
5694000,382702,63388.0,0.1
5695000,382776,63388.0,0.1
5696000,382849,63388.0,0.1
5698000,382976,63388.0,0.1
5700000,383111,63388.0,0.1
5702000,383231,63388.0,0.1
5704000,383378,63388.0,0.1
5709000,383731,63388.0,0.1
5710000,383803,63388.0,0.1
5711000,383881,63388.0,0.1
5712000,383963,63388.0,0.1
5713000,384028,63388.0,0.1
5714000,384078,63388.0,0.1
5715000,384143,63388.0,0.1
5716000,384222,63388.0,0.1
5717000,384298,63388.0,0.1
5718000,384381,63388.0,0.1
5720000,384516,63388.0,0.1
5721000,384588,63388.0,0.1
5722000,384656,63388.0,0.1
5723000,384704,63388.0,0.1
5724000,384758,63388.0,0.1
5729000,385062,63388.0,0.1
5730000,385112,63388.0,0.1
5733000,385313,63388.0,0.1
5734000,385378,63388.0,0.1
5738000,385628,63388.0,0.1
5739000,385676,63388.0,0.1
5740000,385729,63388.0,0.1
5741000,385804,63388.0,0.1
5742000,385850,63388.0,0.1
5743000,385894,63388.0,0.1
5744000,385946,63388.0,0.1
5745000,386022,63388.0,0.1
5746000,386097,63388.0,0.1
5747000,386174,63388.0,0.1
5748000,386239,63388.0,0.1
5750000,386379,63388.0,0.1
5751000,386440,63388.0,0.1
5754000,386621,63388.0,0.1
5755000,386693,63388.0,0.1
5756000,386757,63388.0,0.1
5758000,386890,63388.0,0.1
5760000,387015,63388.0,0.1
5763000,387186,63388.0,0.1
5764000,387254,63388.0,0.1
5766000,387353,63388.0,0.1
5767000,387400,63388.0,0.1
5769000,387514,63388.0,0.1
5770000,387590,63388.0,0.1
5772000,387728,63388.0,0.1
5773000,387813,63388.0,0.1
5775000,387945,63388.0,0.1
5776000,388004,63388.0,0.1
5777000,388050,63388.0,0.1
5779000,388172,63388.0,0.1
5780000,388239,63388.0,0.1
5781000,388303,63388.0,0.1
5782000,388366,63388.0,0.1
5783000,388418,63388.0,0.1
5786000,388584,63388.0,0.1
5788000,388693,63388.0,0.1
5789000,388745,63388.0,0.1
5790000,388807,63388.0,0.1
5792000,388932,63388.0,0.1
5793000,388994,63388.0,0.1
5796000,389196,63388.0,0.1
5797000,389265,63388.0,0.1
5798000,389342,63388.0,0.1
5801000,389560,63388.0,0.1
5802000,389628,63388.0,0.1
5804000,389749,63388.0,0.1
5806000,389883,63388.0,0.1
5808000,389996,63388.0,0.1
5814000,390382,63388.0,0.1
5816000,390532,63388.0,0.1
5817000,390597,63388.0,0.1
5818000,390676,63388.0,0.1
5821000,390839,63388.0,0.1
5823000,390954,63388.0,0.1
5824000,391020,63388.0,0.1
5826000,391150,63388.0,0.1
5828000,391286,63388.0,0.1
5830000,391417,63388.0,0.1
5831000,391491,63388.0,0.1
5832000,391564,63388.0,0.1
5833000,391631,63388.0,0.1
5834000,391708,63388.0,0.1
5835000,391760,63388.0,0.1
5837000,391899,63388.0,0.1
5838000,391966,63388.0,0.1
5840000,392102,63388.0,0.1
5842000,392222,63388.0,0.1
5843000,392298,63388.0,0.1
5845000,392436,63388.0,0.1
5846000,392487,63388.0,0.1
5849000,392688,63388.0,0.1
5850000,392770,63388.0,0.1
5853000,393003,63388.0,0.1
5854000,393072,63388.0,0.1
5856000,393203,63388.0,0.1
5858000,393309,63388.0,0.1
5861000,393501,63388.0,0.1
5863000,393625,63388.0,0.1
5864000,393696,63388.0,0.1
5866000,393819,63388.0,0.1
5867000,393876,63388.0,0.1
5869000,393995,63388.0,0.1
5870000,394065,63388.0,0.1
5871000,394131,63388.0,0.1
5873000,394267,63388.0,0.1
5874000,394343,63388.0,0.1
5877000,394544,63388.0,0.1
5878000,394602,63388.0,0.1
5879000,394647,63388.0,0.1
5880000,394707,63388.0,0.1
5881000,394783,63388.0,0.1
5882000,394851,63388.0,0.1
5883000,394930,63388.0,0.1
5884000,395005,63388.0,0.1
5885000,395078,63388.0,0.1
5886000,395137,63388.0,0.1
5887000,395204,63388.0,0.1
5889000,395342,63388.0,0.1
5891000,395481,63388.0,0.1
5892000,395555,63388.0,0.1
5898000,395971,63388.0,0.1
5899000,396048,63388.0,0.1
5900000,396121,63388.0,0.1
5901000,396196,63388.0,0.1
5903000,396335,63388.0,0.1
5905000,396462,63388.0,0.1
5909000,396743,63388.0,0.1
5910000,396796,63388.0,0.1
5911000,396845,63388.0,0.1
5913000,396970,63388.0,0.1
5914000,397045,63388.0,0.1
5916000,397191,63388.0,0.1
5919000,397376,63388.0,0.1
5920000,397433,63388.0,0.1
5921000,397484,63388.0,0.1
5922000,397542,63388.0,0.1
5925000,397757,63388.0,0.1
5927000,397892,63388.0,0.1
5928000,397972,63388.0,0.1
5931000,398189,63388.0,0.1
5932000,398257,63388.0,0.1
5933000,398321,63388.0,0.1
5936000,398542,63388.0,0.1
5937000,398599,63388.0,0.1
5938000,398666,63388.0,0.1
5939000,398743,63388.0,0.1
5941000,398883,63388.0,0.1
5942000,398954,63388.0,0.1
5944000,399076,63388.0,0.1
5945000,399142,63388.0,0.1
5950000,399468,63388.0,0.1
5951000,399541,63388.0,0.1
5953000,399688,63388.0,0.1
5956000,399884,63388.0,0.1
5958000,400020,63388.0,0.1
5961000,400198,63388.0,0.1
5962000,400266,63388.0,0.1
5966000,400481,63388.0,0.1
5968000,400592,63388.0,0.1
5969000,400669,63388.0,0.1
5970000,400740,63388.0,0.1
5972000,400895,63388.0,0.1
5973000,400961,63388.0,0.1
5974000,401014,63388.0,0.1
5975000,401085,63388.0,0.1
5976000,401167,63388.0,0.1
5977000,401228,63388.0,0.1
5980000,401391,63388.0,0.1
5981000,401441,63388.0,0.1
5982000,401500,63388.0,0.1
5983000,401571,63388.0,0.1
5984000,401646,63388.0,0.1
5985000,401711,63388.0,0.1
5986000,401763,63388.0,0.1
5987000,401810,63388.0,0.1
5988000,401850,63388.0,0.1
5989000,401911,63388.0,0.1
5991000,402054,63388.0,0.1
5992000,402112,63388.0,0.1
5993000,402185,63388.0,0.1
5994000,402236,63388.0,0.1
5995000,402297,63388.0,0.1
5996000,402359,63388.0,0.1
5998000,402498,63388.0,0.1
6000000,402640,63388.0,0.1
6004000,402928,63388.0,0.1
6006000,403063,63388.0,0.1
6007000,403132,63388.0,0.1
6008000,403203,63388.0,0.1
6009000,403263,63388.0,0.1
6012000,403446,63388.0,0.1
6014000,403574,63388.0,0.1
6015000,403644,63388.0,0.1
6016000,403718,63388.0,0.1
6017000,403785,63388.0,0.1
6020000,403975,63388.0,0.1
6023000,404154,63388.0,0.1
6024000,404234,63388.0,0.1
6025000,404307,63388.0,0.1
6026000,404380,63388.0,0.1
6027000,404443,63388.0,0.1
6028000,404514,63388.0,0.1
6029000,404590,63388.0,0.1
6030000,404662,63388.0,0.1
6031000,404728,63388.0,0.1
6034000,404943,63388.0,0.1
6035000,405009,63388.0,0.1
6037000,405128,63388.0,0.1
6038000,405190,63388.0,0.1
6039000,405258,63388.0,0.1
6043000,405543,63388.0,0.1
6044000,405615,63388.0,0.1
6045000,405673,63388.0,0.1
6046000,405740,63388.0,0.1
6047000,405820,63388.0,0.1
6048000,405878,63388.0,0.1
6049000,405944,63388.0,0.1
6050000,406011,63388.0,0.1
6053000,406221,63388.0,0.1
6054000,406294,63388.0,0.1
6058000,406595,63388.0,0.1
6061000,406825,63388.0,0.1
6064000,407026,63388.0,0.1
6066000,407174,63388.0,0.1
6067000,407236,63388.0,0.1
6068000,407296,63388.0,0.1
6072000,407558,63388.0,0.1
6073000,407635,63388.0,0.1
6074000,407704,63388.0,0.1
6075000,407784,63388.0,0.1
6077000,407931,63388.0,0.1
6080000,408146,63388.0,0.1
6084000,408437,63388.0,0.1
6085000,408510,63388.0,0.1
6086000,408578,63388.0,0.1
6087000,408648,63388.0,0.1
6089000,408773,63388.0,0.1
6091000,408910,63388.0,0.1
6092000,408974,63388.0,0.1
6093000,409041,63388.0,0.1
6096000,409240,63388.0,0.1
6097000,409305,63388.0,0.1
6098000,409362,63388.0,0.1
6099000,409418,63388.0,0.1
6100000,409492,63388.0,0.1
6101000,409557,63388.0,0.1
6105000,409839,63388.0,0.1
6107000,409979,63388.0,0.1
6109000,410137,63388.0,0.1
6115000,410495,63388.0,0.1
6116000,410559,63388.0,0.1
6117000,410610,63388.0,0.1
6118000,410663,63388.0,0.1
6120000,410819,63388.0,0.1
6121000,410898,63388.0,0.1
6124000,411135,63388.0,0.1
6128000,411400,63388.0,0.1
6129000,411467,63388.0,0.1
6130000,411518,63388.0,0.1
6132000,411626,63388.0,0.1
6133000,411705,63388.0,0.1
6135000,411837,63388.0,0.1
6138000,412045,63388.0,0.1
6141000,412249,63388.0,0.1
6142000,412320,63388.0,0.1
6143000,412387,63388.0,0.1
6144000,412455,63388.0,0.1
6146000,412614,63388.0,0.1
6147000,412692,63388.0,0.1
6148000,412771,63388.0,0.1
6149000,412850,63388.0,0.1
6150000,412923,63388.0,0.1
6152000,413068,63388.0,0.1
6153000,413146,63388.0,0.1
6154000,413228,63388.0,0.1
6155000,413299,63388.0,0.1
6156000,413369,63388.0,0.1
6158000,413500,63388.0,0.1
6159000,413579,63388.0,0.1
6163000,413871,63388.0,0.1
6164000,413948,63388.0,0.1
6165000,414013,63388.0,0.1
6166000,414084,63388.0,0.1
6167000,414158,63388.0,0.1
6168000,414230,63388.0,0.1
6173000,414603,63388.0,0.1
6176000,414806,63388.0,0.1
6177000,414879,63388.0,0.1
6178000,414954,63388.0,0.1
6179000,415020,63388.0,0.1
6180000,415093,63388.0,0.1
6181000,415159,63388.0,0.1
6183000,415275,63388.0,0.1
6184000,415338,63388.0,0.1
6188000,415592,63388.0,0.1
6189000,415665,63388.0,0.1
6191000,415822,63388.0,0.1
6194000,416021,63388.0,0.1
6195000,416084,63388.0,0.1
6197000,416218,63388.0,0.1
6198000,416276,63388.0,0.1
6199000,416333,63388.0,0.1
6200000,416400,63388.0,0.1
6201000,416456,63388.0,0.1
6204000,416676,63388.0,0.1
6208000,416947,63388.0,0.1
6211000,417171,63388.0,0.1
6213000,417332,63388.0,0.1
6214000,417403,63388.0,0.1
6215000,417470,63388.0,0.1
6216000,417546,63388.0,0.1
6217000,417601,63388.0,0.1
6218000,417675,63388.0,0.1
6220000,417818,63388.0,0.1
6221000,417880,63388.0,0.1
6222000,417941,63388.0,0.1
6224000,418103,63388.0,0.1
6226000,418214,63388.0,0.1
6228000,418326,63388.0,0.1
6229000,418402,63388.0,0.1
6232000,418608,63388.0,0.1
6233000,418682,63388.0,0.1
6234000,418759,63388.0,0.1
6236000,418881,63388.0,0.1
6238000,419019,63388.0,0.1
6239000,419105,63388.0,0.1
6244000,419464,63388.0,0.1
6245000,419529,63388.0,0.1
6246000,419596,63388.0,0.1
6248000,419726,63388.0,0.1
6249000,419797,63388.0,0.1
6252000,420029,63388.0,0.1
6253000,420107,63388.0,0.1
6254000,420182,63388.0,0.1
6256000,420324,63388.0,0.1
6257000,420392,63388.0,0.1
6258000,420465,63388.0,0.1
6259000,420542,63388.0,0.1
6262000,420734,63388.0,0.1
6264000,420871,63388.0,0.1
6265000,420943,63388.0,0.1
6266000,421009,63388.0,0.1
6269000,421212,63388.0,0.1
6270000,421283,63388.0,0.1
6271000,421355,63388.0,0.1
6272000,421422,63388.0,0.1
6273000,421480,63388.0,0.1
6275000,421626,63388.0,0.1
6278000,421845,63388.0,0.1
6280000,421988,63388.0,0.1
6281000,422073,63388.0,0.1
6283000,422217,63388.0,0.1
6285000,422353,63388.0,0.1
6286000,422428,63388.0,0.1
6289000,422661,63388.0,0.1
6290000,422732,63388.0,0.1
6291000,422810,63388.0,0.1
6292000,422876,63388.0,0.1
6294000,422996,63388.0,0.1
6297000,423208,63388.0,0.1
6300000,423387,63388.0,0.1
6301000,423450,63388.0,0.1
6303000,423583,63388.0,0.1
6304000,423639,63388.0,0.1
6305000,423712,63388.0,0.1
6306000,423761,63388.0,0.1
6307000,423816,63388.0,0.1
6309000,423957,63388.0,0.1
6312000,424164,63388.0,0.1
6313000,424233,63388.0,0.1
6314000,424307,63388.0,0.1
6315000,424364,63388.0,0.1
6316000,424419,63388.0,0.1
6318000,424555,63388.0,0.1
6319000,424631,63388.0,0.1
6320000,424699,63388.0,0.1
6323000,424900,63388.0,0.1
6324000,424972,63388.0,0.1
6325000,425022,63388.0,0.1
6326000,425085,63388.0,0.1
6327000,425148,63388.0,0.1
6328000,425218,63388.0,0.1
6329000,425287,63388.0,0.1
6331000,425395,63388.0,0.1
6332000,425447,63388.0,0.1
6335000,425642,63388.0,0.1
6336000,425701,63388.0,0.1
6338000,425839,63388.0,0.1
6339000,425908,63388.0,0.1
6344000,426235,63388.0,0.1
6346000,426376,63388.0,0.1
6349000,426566,63388.0,0.1
6352000,426749,63388.0,0.1
6356000,427028,63388.0,0.1
6357000,427084,63388.0,0.1
6358000,427133,63388.0,0.1
6360000,427238,63388.0,0.1
6361000,427296,63388.0,0.1
6365000,427562,63388.0,0.1
6366000,427631,63388.0,0.1
6368000,427783,63379.0,0.1
6369000,427855,63379.0,0.1
6370000,427908,63379.0,0.1
6372000,428038,63379.0,0.1
6374000,428184,63379.0,0.1
6377000,428390,63379.0,0.1
6379000,428508,63379.0,0.1
6381000,428645,63379.0,0.1
6382000,428715,63379.0,0.1
6384000,428862,63379.0,0.1
6385000,428927,63379.0,0.1
6387000,429088,63379.0,0.1
6388000,429140,63379.0,0.1
6389000,429187,63379.0,0.1
6390000,429238,63379.0,0.1
6392000,429368,63379.0,0.1
6394000,429523,63379.0,0.1
6395000,429595,63379.0,0.1
6397000,429730,63379.0,0.1
6398000,429780,63379.0,0.1
6400000,429899,63379.0,0.1
6402000,430032,63379.0,0.1
6404000,430156,63379.0,0.1
6405000,430222,63379.0,0.1
6407000,430360,63379.0,0.1
6408000,430442,63379.0,0.1
6409000,430518,63379.0,0.1
6412000,430714,63379.0,0.1
6414000,430835,63379.0,0.1
6420000,431259,63379.0,0.1
6421000,431334,63379.0,0.1
6422000,431385,63379.0,0.1
6424000,431513,63379.0,0.1
6425000,431565,63379.0,0.1
6426000,431621,63379.0,0.1
6427000,431689,63379.0,0.1
6428000,431761,63379.0,0.1
6430000,431913,63379.0,0.1
6431000,431986,63379.0,0.1
6433000,432104,63379.0,0.1
6434000,432152,63379.0,0.1
6442000,432649,63379.0,0.1
6444000,432788,63379.0,0.1
6445000,432861,63379.0,0.1
6446000,432928,63379.0,0.1
6447000,432984,63379.0,0.1
6448000,433039,63379.0,0.1
6449000,433110,63379.0,0.1
6450000,433167,63379.0,0.1
6452000,433280,63379.0,0.1
6453000,433349,63379.0,0.1
6454000,433410,63379.0,0.1
6455000,433471,63379.0,0.1
6456000,433537,63379.0,0.1
6457000,433592,63379.0,0.1
6458000,433665,63379.0,0.1
6459000,433726,63379.0,0.1
6461000,433832,63379.0,0.1
6462000,433901,63379.0,0.1
6463000,433974,63379.0,0.1
6464000,434044,63379.0,0.1
6466000,434172,63379.0,0.1
6467000,434235,63379.0,0.1
6468000,434285,63379.0,0.1
6470000,434388,63379.0,0.1
6471000,434447,63379.0,0.1
6473000,434581,63379.0,0.1
6476000,434773,63379.0,0.1
6478000,434882,63379.0,0.1
6480000,435010,63379.0,0.1
6482000,435142,63379.0,0.1
6484000,435276,63379.0,0.1
6485000,435354,63379.0,0.1
6486000,435428,63379.0,0.1
6489000,435668,63379.0,0.1
6490000,435735,63379.0,0.1
6491000,435793,63379.0,0.1
6492000,435863,63379.0,0.1
6493000,435939,63379.0,0.1
6494000,436003,63379.0,0.1
6495000,436068,63379.0,0.1
6497000,436200,63379.0,0.1
6499000,436332,63379.0,0.1
6501000,436467,63379.0,0.1
6508000,436962,63379.0,0.1
6509000,437032,63379.0,0.1
6511000,437183,63379.0,0.1
6512000,437257,63379.0,0.1
6513000,437310,63379.0,0.1
6515000,437435,63379.0,0.1
6516000,437513,63379.0,0.1
6517000,437585,63379.0,0.1
6519000,437726,63379.0,0.1
6520000,437802,63379.0,0.1
6521000,437860,63379.0,0.1
6530000,438511,63379.0,0.1
6531000,438568,63379.0,0.1
6532000,438646,63379.0,0.1
6534000,438798,63379.0,0.1
6535000,438863,63379.0,0.1
6538000,439042,63379.0,0.1
6539000,439104,63379.0,0.1
6543000,439375,63379.0,0.1
6544000,439437,63379.0,0.1
6551000,439885,63379.0,0.1
6552000,439943,63379.0,0.1
6554000,440069,63379.0,0.1
6556000,440198,63379.0,0.1
6557000,440267,63379.0,0.1
6558000,440338,63379.0,0.1
6559000,440414,63379.0,0.1
6560000,440488,63379.0,0.1
6561000,440567,63379.0,0.1
6565000,440836,63379.0,0.1
6567000,440980,63379.0,0.1
6568000,441055,63379.0,0.1
6569000,441125,63379.0,0.1
6570000,441188,63379.0,0.1
6572000,441326,63379.0,0.1
6575000,441559,63379.0,0.1
6576000,441626,63379.0,0.1
6577000,441678,63379.0,0.1
6578000,441744,63379.0,0.1
6579000,441808,63379.0,0.1
6580000,441854,63379.0,0.1
6582000,441958,63379.0,0.1
6583000,442015,63379.0,0.1
6585000,442120,63379.0,0.1
6587000,442256,63379.0,0.1
6590000,442496,63379.0,0.1
6591000,442575,63379.0,0.1
6592000,442655,63379.0,0.1
6595000,442901,63379.0,0.1
6596000,442980,63379.0,0.1
6597000,443049,63379.0,0.1
6599000,443194,63379.0,0.1
6600000,443263,63379.0,0.1
6602000,443410,63379.0,0.1
6603000,443471,63379.0,0.1
6605000,443621,63379.0,0.1
6608000,443801,63379.0,0.1
6610000,443922,63379.0,0.1
6612000,444073,63379.0,0.1
6613000,444124,63379.0,0.1
6617000,444351,63379.0,0.1
6618000,444418,63379.0,0.1
6620000,444561,63379.0,0.1
6621000,444614,63379.0,0.1
6622000,444681,63379.0,0.1
6625000,444876,63379.0,0.1
6626000,444931,63379.0,0.1
6629000,445133,63379.0,0.1
6630000,445198,63379.0,0.1
6633000,445376,63379.0,0.1
6637000,445671,63379.0,0.1
6638000,445744,63379.0,0.1
6639000,445801,63379.0,0.1
6640000,445863,63379.0,0.1
6641000,445943,63379.0,0.1
6645000,446188,63379.0,0.1
6647000,446323,63379.0,0.1
6649000,446468,63379.0,0.1
6650000,446535,63379.0,0.1
6651000,446592,63379.0,0.1
6653000,446737,63379.0,0.1
6654000,446816,63379.0,0.1
6655000,446870,63378.0,0.1
6656000,446935,63378.0,0.1
6658000,447063,63378.0,0.1
6659000,447128,63378.0,0.1
6660000,447192,63378.0,0.1
6665000,447533,63378.0,0.1
6667000,447673,63378.0,0.1
6668000,447747,63378.0,0.1
6670000,447890,63378.0,0.1
6671000,447961,63378.0,0.1
6672000,448043,63378.0,0.1
6673000,448115,63378.0,0.1
6674000,448196,63378.0,0.1
6676000,448329,63378.0,0.1
6678000,448449,63378.0,0.1
6679000,448524,63378.0,0.1
6681000,448651,63378.0,0.1
6682000,448720,63378.0,0.1
6683000,448802,63378.0,0.1
6686000,448985,63378.0,0.1
6687000,449051,63378.0,0.1
6691000,449296,63378.0,0.1
6694000,449526,63378.0,0.1
6696000,449657,63378.0,0.1
6697000,449709,63378.0,0.1
6698000,449764,63378.0,0.1
6699000,449836,63378.0,0.1
6700000,449909,63378.0,0.1
6702000,450053,63378.0,0.1
6705000,450247,63378.0,0.1
6706000,450307,63378.0,0.1
6707000,450374,63378.0,0.1
6708000,450445,63378.0,0.1
6710000,450588,63378.0,0.1
6711000,450660,63378.0,0.1
6714000,450871,63378.0,0.1
6715000,450948,63378.0,0.1
6716000,451031,63378.0,0.1
6717000,451093,63378.0,0.1
6720000,451294,63378.0,0.1
6721000,451377,63378.0,0.1
6722000,451424,63378.0,0.1
6723000,451502,63378.0,0.1
6724000,451565,63378.0,0.1
6725000,451633,63378.0,0.1
6726000,451695,63378.0,0.1
6727000,451765,63378.0,0.1
6728000,451826,63378.0,0.1
6729000,451890,63378.0,0.1
6730000,451965,63378.0,0.1
6733000,452190,63378.0,0.1
6735000,452335,63378.0,0.1
6736000,452398,63378.0,0.1
6737000,452454,63378.0,0.1
6738000,452504,63378.0,0.1
6741000,452725,63378.0,0.1
6742000,452805,63378.0,0.1
6743000,452869,63378.0,0.1
6744000,452937,63378.0,0.1
6746000,453068,63378.0,0.1
6749000,453283,63378.0,0.1
6751000,453412,63378.0,0.1
6752000,453475,63378.0,0.1
6753000,453551,63378.0,0.1
6756000,453780,63378.0,0.1
6758000,453906,63378.0,0.1
6759000,453981,63378.0,0.1
6760000,454045,63378.0,0.1
6761000,454101,63378.0,0.1
6763000,454242,63378.0,0.1
6764000,454313,63378.0,0.1
6765000,454384,63378.0,0.1
6766000,454456,63378.0,0.1
6767000,454534,63378.0,0.1
6769000,454666,63378.0,0.1
6772000,454868,63378.0,0.1
6775000,455061,63378.0,0.1
6778000,455269,63378.0,0.1
6779000,455341,63378.0,0.1
6780000,455406,63378.0,0.1
6781000,455483,63378.0,0.1
6782000,455542,63378.0,0.1
6783000,455617,63378.0,0.1
6785000,455735,63378.0,0.1
6787000,455872,63378.0,0.1
6788000,455934,63378.0,0.1
6789000,455999,63378.0,0.1
6790000,456075,63378.0,0.1
6791000,456135,63378.0,0.1
6793000,456273,63378.0,0.1
6794000,456342,63378.0,0.1
6797000,456547,63378.0,0.1
6799000,456682,63378.0,0.1
6800000,456750,63378.0,0.1
6801000,456822,63378.0,0.1
6802000,456903,63378.0,0.1
6803000,456981,63378.0,0.1
6804000,457060,63378.0,0.1
6805000,457129,63378.0,0.1
6806000,457213,63378.0,0.1
6808000,457368,63378.0,0.1
6812000,457625,63378.0,0.1
6813000,457700,63378.0,0.1
6814000,457751,63378.0,0.1
6816000,457891,63378.0,0.1
6817000,457946,63378.0,0.1
6818000,458004,63378.0,0.1
6819000,458063,63378.0,0.1
6820000,458123,63378.0,0.1
6821000,458183,63378.0,0.1
6823000,458316,63378.0,0.1
6826000,458489,63378.0,0.1
6827000,458556,63378.0,0.1
6828000,458632,63378.0,0.1
6829000,458689,63378.0,0.1
6835000,459051,63378.0,0.1
6836000,459104,63378.0,0.1
6837000,459182,63378.0,0.1
6838000,459246,63378.0,0.1
6839000,459311,63378.0,0.1
6840000,459377,63378.0,0.1
6841000,459435,63378.0,0.1
6842000,459504,63378.0,0.1
6843000,459576,63378.0,0.1
6845000,459710,63378.0,0.1
6847000,459835,63378.0,0.1
6849000,459943,63378.0,0.1
6850000,460010,63378.0,0.1
6851000,460079,63378.0,0.1
6853000,460221,63378.0,0.1
6854000,460269,63378.0,0.1
6855000,460324,63378.0,0.1
6856000,460392,63378.0,0.1
6857000,460465,63378.0,0.1
6858000,460524,63378.0,0.1
6859000,460578,63378.0,0.1
6860000,460645,63378.0,0.1
6863000,460841,63378.0,0.1
6865000,460972,63378.0,0.1
6866000,461020,63378.0,0.1
6867000,461085,63378.0,0.1
6869000,461220,63378.0,0.1
6870000,461292,63378.0,0.1
6871000,461356,63378.0,0.1
6872000,461426,63378.0,0.1
6873000,461487,63378.0,0.1
6878000,461805,63378.0,0.1
6880000,461936,63378.0,0.1
6884000,462176,63378.0,0.1
6885000,462229,63378.0,0.1
6887000,462384,63378.0,0.1
6888000,462461,63378.0,0.1
6890000,462604,63378.0,0.1
6891000,462682,63378.0,0.1
6892000,462761,63378.0,0.1
6893000,462838,63378.0,0.1
6895000,462969,63378.0,0.1
6896000,463043,63378.0,0.1
6897000,463116,63378.0,0.1
6900000,463318,63378.0,0.1
6904000,463585,63378.0,0.1
6906000,463712,63378.0,0.1
6907000,463780,63378.0,0.1
6908000,463849,63378.0,0.1
6910000,463987,63378.0,0.1
6912000,464127,63378.0,0.1
6914000,464269,63378.0,0.1
6915000,464342,63378.0,0.1
6916000,464408,63378.0,0.1
6918000,464544,63378.0,0.1
6920000,464674,63378.0,0.1
6922000,464794,63378.0,0.1
6923000,464848,63378.0,0.1
6924000,464918,63378.0,0.1
6925000,464980,63378.0,0.1
6927000,465117,63378.0,0.1
6932000,465389,63378.0,0.1
6934000,465502,63378.0,0.1
6936000,465649,63378.0,0.1
6937000,465712,63378.0,0.1
6938000,465769,63378.0,0.1
6944000,466148,63378.0,0.1
6945000,466225,63378.0,0.1
6946000,466307,63378.0,0.1
6947000,466373,63378.0,0.1
6949000,466496,63378.0,0.1
6950000,466559,63378.0,0.1
6952000,466695,63378.0,0.1
6954000,466820,63378.0,0.1
6955000,466898,63378.0,0.1
6957000,467038,63378.0,0.1
6958000,467091,63378.0,0.1
6960000,467228,63378.0,0.1
6961000,467297,63378.0,0.1
6963000,467447,63378.0,0.1
6964000,467507,63378.0,0.1
6966000,467643,63378.0,0.1
6969000,467843,63378.0,0.1
6974000,468155,63378.0,0.1
6975000,468231,63378.0,0.1
6976000,468309,63378.0,0.1
6980000,468600,63378.0,0.1
6981000,468672,63378.0,0.1
6982000,468750,63378.0,0.1
6986000,469000,63378.0,0.1
6987000,469059,63378.0,0.1
6989000,469173,63378.0,0.1
6992000,469355,63378.0,0.1
6993000,469425,63378.0,0.1
6994000,469490,63378.0,0.1
6995000,469568,63378.0,0.1
6996000,469623,63378.0,0.1
6997000,469687,63378.0,0.1
7000000,469910,63378.0,0.1
7002000,470028,63378.0,0.1
7003000,470085,63378.0,0.1
7004000,470143,63378.0,0.1
7007000,470300,63378.0,0.1
7008000,470358,63378.0,0.1
7011000,470588,63378.0,0.1
7012000,470646,63378.0,0.1
7013000,470711,63378.0,0.1
7014000,470787,63378.0,0.1
7015000,470863,63378.0,0.1
7016000,470941,63378.0,0.1
7020000,471225,63378.0,0.1
7021000,471295,63378.0,0.1
7022000,471364,63378.0,0.1
7023000,471416,63378.0,0.1
7024000,471470,63378.0,0.1
7026000,471605,63378.0,0.1
7027000,471685,63378.0,0.1
7028000,471758,63378.0,0.1
7029000,471810,63378.0,0.1
7032000,472006,63378.0,0.1
7034000,472125,63378.0,0.1
7035000,472178,63378.0,0.1
7036000,472233,63378.0,0.1
7040000,472488,63378.0,0.1
7043000,472676,63378.0,0.1
7045000,472817,63378.0,0.1
7046000,472884,63378.0,0.1
7048000,473028,63378.0,0.1
7050000,473178,63378.0,0.1
7051000,473246,63378.0,0.1
7052000,473310,63378.0,0.1
7053000,473360,63378.0,0.1
7054000,473431,63378.0,0.1
7055000,473510,63378.0,0.1
7057000,473631,63378.0,0.1
7060000,473842,63378.0,0.1
7061000,473919,63378.0,0.1
7062000,473992,63378.0,0.1
7063000,474059,63378.0,0.1
7064000,474143,63378.0,0.1
7065000,474221,63378.0,0.1
7071000,474615,63378.0,0.1
7072000,474692,63378.0,0.1
7075000,474900,63378.0,0.1
7076000,474962,63378.0,0.1
7077000,475033,63378.0,0.1
7079000,475160,63378.0,0.1
7080000,475227,63378.0,0.1
7084000,475483,63378.0,0.1
7085000,475559,63378.0,0.1
7086000,475643,63378.0,0.1
7088000,475772,63378.0,0.1
7089000,475843,63378.0,0.1
7091000,475983,63378.0,0.1
7092000,476050,63378.0,0.1
7094000,476190,63378.0,0.1
7095000,476259,63378.0,0.1
7096000,476332,63378.0,0.1
7097000,476411,63378.0,0.1
7099000,476526,63378.0,0.1
7100000,476590,63378.0,0.1
7103000,476781,63378.0,0.1
7104000,476847,63378.0,0.1
7105000,476925,63378.0,0.1
7106000,477008,63378.0,0.1
7107000,477087,63378.0,0.1
7108000,477154,63378.0,0.1
7112000,477449,63378.0,0.1
7114000,477584,63378.0,0.1
7115000,477637,63378.0,0.1
7116000,477707,63378.0,0.1
7118000,477867,63378.0,0.1
7122000,478113,63378.0,0.1
7124000,478255,63378.0,0.1
7125000,478337,63378.0,0.1
7126000,478421,63378.0,0.1
7128000,478568,63378.0,0.1
7129000,478631,63378.0,0.1
7130000,478706,63378.0,0.1
7133000,478921,63378.0,0.1
7134000,478988,63378.0,0.1
7135000,479059,63378.0,0.1
7136000,479132,63378.0,0.1
7137000,479205,63378.0,0.1
7140000,479389,63378.0,0.1
7141000,479452,63378.0,0.1
7143000,479580,63378.0,0.1
7144000,479640,63378.0,0.1
7145000,479708,63378.0,0.1
7146000,479777,63378.0,0.1
7147000,479841,63378.0,0.1
7149000,479952,63378.0,0.1
7150000,480012,63378.0,0.1
7151000,480078,63378.0,0.1
7152000,480156,63378.0,0.1
7154000,480289,63378.0,0.1
7155000,480373,63378.0,0.1
7156000,480441,63378.0,0.1
7157000,480487,63378.0,0.1
7158000,480546,63378.0,0.1
7160000,480673,63378.0,0.1
7162000,480802,63378.0,0.1
7163000,480879,63378.0,0.1
7165000,481018,63378.0,0.1
7166000,481094,63378.0,0.1
7167000,481174,63378.0,0.1
7169000,481323,63378.0,0.1
7170000,481382,63378.0,0.1
7172000,481503,63378.0,0.1
7174000,481637,63378.0,0.1
7175000,481700,63378.0,0.1
7176000,481772,63378.0,0.1
7177000,481826,63378.0,0.1
7179000,481975,63378.0,0.1
7180000,482059,63378.0,0.1
7181000,482130,63378.0,0.1
7182000,482200,63378.0,0.1
7185000,482439,63378.0,0.1
7186000,482512,63378.0,0.1
7187000,482580,63378.0,0.1
7191000,482862,63378.0,0.1
7193000,483001,63378.0,0.1
7195000,483128,63378.0,0.1
7197000,483257,63378.0,0.1
7198000,483325,63378.0,0.1
7201000,483547,63378.0,0.1
7202000,483610,63378.0,0.1
7203000,483681,63378.0,0.1
7204000,483744,63378.0,0.1
7206000,483884,63378.0,0.1
7207000,483951,63378.0,0.1
7208000,484021,63378.0,0.1
7209000,484091,63378.0,0.1
7210000,484173,63378.0,0.1
7211000,484249,63378.0,0.1
7213000,484395,63378.0,0.1
7217000,484669,63378.0,0.1
7219000,484787,63378.0,0.1
7220000,484859,63378.0,0.1
7222000,484997,63378.0,0.1
7226000,485282,63378.0,0.1
7227000,485361,63378.0,0.1
7228000,485432,63378.0,0.1
7229000,485499,63378.0,0.1
7231000,485647,63378.0,0.1
7232000,485727,63378.0,0.1
7233000,485799,63378.0,0.1
7234000,485878,63378.0,0.1
7235000,485959,63378.0,0.1
7236000,486035,63378.0,0.1
7240000,486286,63378.0,0.1
7242000,486405,63378.0,0.1
7243000,486472,63378.0,0.1
7247000,486733,63378.0,0.1
7248000,486797,63378.0,0.1
7250000,486936,63378.0,0.1
7251000,487008,63378.0,0.1
7252000,487088,63378.0,0.1
7254000,487228,63378.0,0.1
7255000,487302,63378.0,0.1
7257000,487448,63378.0,0.1
7258000,487516,63378.0,0.1
7261000,487747,63378.0,0.1
7262000,487820,63378.0,0.1
7263000,487894,63378.0,0.1
7264000,487957,63378.0,0.1
7265000,488012,63378.0,0.1
7267000,488165,63378.0,0.1
7269000,488320,63378.0,0.1
7270000,488371,63378.0,0.1
7271000,488448,63378.0,0.1
7272000,488511,63378.0,0.1
7273000,488578,63378.0,0.1
7274000,488642,63378.0,0.1
7276000,488767,63378.0,0.1
7278000,488903,63378.0,0.1
7279000,488988,63378.0,0.1
7280000,489044,63378.0,0.1
7283000,489226,63378.0,0.1
7285000,489362,63378.0,0.1
7288000,489539,63378.0,0.1
7289000,489597,63378.0,0.1
7290000,489662,63378.0,0.1
7293000,489835,63378.0,0.1
7294000,489904,63378.0,0.1
7295000,489973,63378.0,0.1
7297000,490085,63378.0,0.1
7298000,490157,63378.0,0.1
7300000,490304,63378.0,0.1
7302000,490428,63378.0,0.1
7303000,490496,63378.0,0.1
7304000,490572,63378.0,0.1
7305000,490627,63378.0,0.1
7306000,490672,63378.0,0.1
7307000,490735,63378.0,0.1
7308000,490797,63378.0,0.1
7309000,490854,63378.0,0.1
7313000,491141,63378.0,0.1
7314000,491196,63378.0,0.1
7320000,491541,63378.0,0.1
7322000,491675,63378.0,0.1
7323000,491736,63378.0,0.1
7326000,491937,63378.0,0.1
7328000,492090,63378.0,0.1
7329000,492163,63378.0,0.1
7330000,492242,63378.0,0.1
7331000,492315,63378.0,0.1
7332000,492380,63378.0,0.1
7333000,492424,63378.0,0.1
7335000,492531,63378.0,0.1
7337000,492667,63378.0,0.1
7339000,492805,63378.0,0.1
7340000,492878,63378.0,0.1
7343000,493075,63378.0,0.1
7344000,493146,63378.0,0.1
7348000,493413,63378.0,0.1
7351000,493576,63378.0,0.1
7352000,493622,63378.0,0.1
7353000,493687,63378.0,0.1
7354000,493743,63378.0,0.1
7357000,493962,63378.0,0.1
7358000,494024,63378.0,0.1
7359000,494085,63378.0,0.1
7361000,494237,63378.0,0.1
7362000,494310,63378.0,0.1
7363000,494385,63378.0,0.1
7364000,494456,63378.0,0.1
7366000,494581,63378.0,0.1
7367000,494637,63378.0,0.1
7368000,494710,63378.0,0.1
7369000,494781,63378.0,0.1
7371000,494908,63378.0,0.1
7375000,495171,63378.0,0.1
7377000,495323,63378.0,0.1
7378000,495404,63378.0,0.1
7379000,495472,63378.0,0.1
7381000,495609,63378.0,0.1
7382000,495660,63378.0,0.1
7383000,495729,63378.0,0.1
7385000,495855,63378.0,0.1
7386000,495915,63378.0,0.1
7387000,495985,63378.0,0.1
7388000,496055,63378.0,0.1
7389000,496113,63378.0,0.1
7390000,496167,63378.0,0.1
7391000,496237,63378.0,0.1
7392000,496302,63378.0,0.1
7393000,496382,63378.0,0.1
7395000,496515,63378.0,0.1
7396000,496589,63378.0,0.1
7399000,496772,63378.0,0.1
7400000,496832,63378.0,0.1
7402000,496976,63378.0,0.1
7404000,497109,63378.0,0.1
7405000,497170,63378.0,0.1
7409000,497421,63378.0,0.1
7411000,497556,63378.0,0.1
7413000,497692,63378.0,0.1
7418000,498045,63378.0,0.1
7419000,498111,63378.0,0.1
7420000,498180,63378.0,0.1
7422000,498304,63378.0,0.1
7424000,498412,63378.0,0.1
7425000,498461,63378.0,0.1
7429000,498724,63378.0,0.1
7430000,498802,63378.0,0.1
7431000,498876,63378.0,0.1
7433000,499016,63378.0,0.1
7435000,499168,63378.0,0.1
7436000,499249,63378.0,0.1
7437000,499319,63378.0,0.1
7438000,499362,63378.0,0.1
7439000,499410,63378.0,0.1
7441000,499521,63378.0,0.1
7443000,499643,63378.0,0.1
7444000,499708,63378.0,0.1
7445000,499787,63378.0,0.1
7446000,499836,63378.0,0.1
7448000,499978,63378.0,0.1
7449000,500055,63378.0,0.1
7451000,500206,63378.0,0.1
7452000,500281,63378.0,0.1
7454000,500426,63378.0,0.1
7457000,500589,63378.0,0.1
7458000,500657,63378.0,0.1
7459000,500710,63378.0,0.1
7462000,500922,63378.0,0.1
7463000,501000,63378.0,0.1
7465000,501124,63378.0,0.1
7467000,501291,63378.0,0.1
7468000,501357,63378.0,0.1
7469000,501430,63378.0,0.1
7470000,501504,63378.0,0.1
7473000,501680,63378.0,0.1
7474000,501758,63378.0,0.1
7475000,501816,63378.0,0.1
7477000,501940,63378.0,0.1
7480000,502153,63378.0,0.1
7482000,502270,63378.0,0.1
7483000,502332,63378.0,0.1
7485000,502461,63378.0,0.1
7486000,502523,63378.0,0.1
7488000,502645,63378.0,0.1
7489000,502704,63378.0,0.1
7494000,503054,63378.0,0.1
7495000,503135,63378.0,0.1
7496000,503210,63378.0,0.1
7497000,503287,63378.0,0.1
7498000,503360,63378.0,0.1
7499000,503412,63378.0,0.1
7502000,503627,63378.0,0.1
7503000,503702,63378.0,0.1
7505000,503825,63378.0,0.1
7506000,503888,63378.0,0.1
7509000,504079,63378.0,0.1
7510000,504160,63378.0,0.1
7511000,504238,63378.0,0.1
7512000,504305,63378.0,0.1
7513000,504369,63378.0,0.1
7514000,504419,63378.0,0.1
7516000,504555,63378.0,0.1
7520000,504871,63378.0,0.1
7522000,505018,63378.0,0.1
7523000,505078,63378.0,0.1
7524000,505136,63378.0,0.1
7525000,505216,63378.0,0.1
7526000,505282,63378.0,0.1
7528000,505428,63378.0,0.1
7530000,505562,63378.0,0.1
7532000,505682,63378.0,0.1
7535000,505900,63378.0,0.1
7537000,506023,63378.0,0.1
7538000,506086,63378.0,0.1
7539000,506138,63378.0,0.1
7541000,506284,63378.0,0.1
7542000,506352,63378.0,0.1
7544000,506500,63378.0,0.1
7545000,506578,63378.0,0.1
7548000,506812,63378.0,0.1
7549000,506888,63378.0,0.1
7550000,506962,63378.0,0.1
7551000,507032,63378.0,0.1
7554000,507266,63378.0,0.1
7555000,507330,63378.0,0.1
7556000,507401,63378.0,0.1
7560000,507647,63378.0,0.1
7561000,507719,63378.0,0.1
7563000,507856,63378.0,0.1
7567000,508171,63378.0,0.1
7568000,508248,63378.0,0.1
7569000,508317,63378.0,0.1
7570000,508385,63378.0,0.1
7572000,508527,63378.0,0.1
7579000,508924,63378.0,0.1
7580000,508999,63378.0,0.1
7581000,509073,63378.0,0.1
7583000,509201,63378.0,0.1
7586000,509361,63378.0,0.1
7591000,509670,63378.0,0.1
7592000,509732,63378.0,0.1
7593000,509797,63378.0,0.1
7594000,509875,63378.0,0.1
7596000,510011,63378.0,0.1
7597000,510089,63378.0,0.1
7598000,510140,63378.0,0.1
7600000,510246,63378.0,0.1
7603000,510414,63378.0,0.1
7604000,510460,63378.0,0.1
7605000,510534,63378.0,0.1
7607000,510673,63378.0,0.1
7608000,510737,63378.0,0.1
7610000,510882,63378.0,0.1
7612000,511005,63378.0,0.1
7613000,511088,63378.0,0.1
7615000,511220,63378.0,0.1
7616000,511296,63378.0,0.1
7617000,511367,63378.0,0.1
7622000,511649,63378.0,0.1
7623000,511701,63378.0,0.1
7626000,511903,63378.0,0.1
7627000,511972,63378.0,0.1
7629000,512117,63378.0,0.1
7631000,512268,63378.0,0.1
7632000,512332,63378.0,0.1
7633000,512395,63378.0,0.1
7634000,512468,63378.0,0.1
7636000,512601,63378.0,0.1
7637000,512679,63378.0,0.1
7638000,512756,63378.0,0.1
7640000,512906,63378.0,0.1
7641000,512978,63378.0,0.1
7642000,513048,63378.0,0.1
7643000,513115,63378.0,0.1
7644000,513177,63378.0,0.1
7646000,513314,63378.0,0.1
7647000,513379,63378.0,0.1
7649000,513529,63378.0,0.1
7652000,513719,63378.0,0.1
7653000,513784,63378.0,0.1
7655000,513931,63378.0,0.1
7656000,513987,63378.0,0.1
7659000,514183,63378.0,0.1
7660000,514257,63378.0,0.1
7662000,514388,63378.0,0.1
7663000,514459,63378.0,0.1
7664000,514523,63378.0,0.1
7665000,514591,63378.0,0.1
7667000,514715,63378.0,0.1
7671000,514960,63378.0,0.1
7673000,515085,63378.0,0.1
7674000,515165,63378.0,0.1
7675000,515244,63378.0,0.1
7676000,515306,63378.0,0.1
7677000,515381,63378.0,0.1
7678000,515437,63378.0,0.1
7679000,515509,63378.0,0.1
7681000,515621,63378.0,0.1
7686000,515946,63378.0,0.1
7687000,516031,63378.0,0.1
7689000,516176,63378.0,0.1
7690000,516247,63378.0,0.1
7691000,516320,63378.0,0.1
7692000,516391,63378.0,0.1
7693000,516469,63378.0,0.1
7694000,516545,63378.0,0.1
7697000,516747,63378.0,0.1
7698000,516806,63378.0,0.1
7699000,516881,63378.0,0.1
7701000,517028,63378.0,0.1
7702000,517093,63378.0,0.1
7703000,517169,63378.0,0.1
7705000,517291,63378.0,0.1
7706000,517361,63378.0,0.1
7707000,517430,63378.0,0.1
7709000,517579,63378.0,0.1
7711000,517725,63378.0,0.1
7712000,517791,63378.0,0.1
7713000,517862,63378.0,0.1
7718000,518199,63378.0,0.1
7719000,518247,63378.0,0.1
7720000,518303,63378.0,0.1
7721000,518356,63378.0,0.1
7722000,518406,63378.0,0.1
7723000,518463,63378.0,0.1
7724000,518532,63378.0,0.1
7725000,518594,63378.0,0.1
7726000,518665,63378.0,0.1
7727000,518716,63378.0,0.1
7729000,518845,63378.0,0.1
7730000,518902,63378.0,0.1
7733000,519105,63378.0,0.1
7735000,519228,63378.0,0.1
7736000,519307,63378.0,0.1
7737000,519371,63378.0,0.1
7739000,519502,63378.0,0.1
7742000,519701,63378.0,0.1
7743000,519770,63378.0,0.1
7744000,519850,63378.0,0.1
7745000,519921,63378.0,0.1
7747000,520060,63378.0,0.1
7748000,520119,63378.0,0.1
7750000,520252,63378.0,0.1
7752000,520358,63378.0,0.1
7753000,520406,63378.0,0.1
7754000,520451,63378.0,0.1
7755000,520504,63378.0,0.1
7757000,520626,63378.0,0.1
7758000,520702,63378.0,0.1
7759000,520775,63378.0,0.1
7760000,520851,63378.0,0.1
7762000,520952,63378.0,0.1
7763000,521023,63378.0,0.1
7766000,521205,63378.0,0.1
7767000,521279,63378.0,0.1
7769000,521413,63378.0,0.1
7771000,521552,63378.0,0.1
7773000,521686,63378.0,0.1
7774000,521760,63378.0,0.1
7775000,521822,63378.0,0.1
7776000,521870,63378.0,0.1
7777000,521935,63378.0,0.1
7779000,522081,63378.0,0.1
7782000,522306,63378.0,0.1
7786000,522585,63378.0,0.1
7787000,522650,63378.0,0.1
7788000,522714,63378.0,0.1
7790000,522854,63378.0,0.1
7791000,522937,63378.0,0.1
7792000,522990,63378.0,0.1
7794000,523100,63378.0,0.1
7798000,523370,63378.0,0.1
7799000,523426,63378.0,0.1
7802000,523626,63378.0,0.1
7803000,523685,63378.0,0.1
7806000,523862,63378.0,0.1
7807000,523935,63378.0,0.1
7808000,523991,63378.0,0.1
7809000,524052,63378.0,0.1
7810000,524105,63378.0,0.1
7812000,524226,63378.0,0.1
7814000,524350,63378.0,0.1
7817000,524580,63378.0,0.1
7818000,524661,63378.0,0.1
7819000,524738,63378.0,0.1
7820000,524811,63378.0,0.1
7822000,524937,63378.0,0.1
7824000,525080,63378.0,0.1
7825000,525134,63378.0,0.1
7826000,525212,63378.0,0.1
7827000,525287,63378.0,0.1
7832000,525613,63378.0,0.1
7833000,525661,63378.0,0.1
7835000,525758,63378.0,0.1
7836000,525810,63378.0,0.1
7837000,525868,63378.0,0.1
7838000,525921,63378.0,0.1
7840000,526052,63378.0,0.1
7841000,526114,63378.0,0.1
7842000,526189,63378.0,0.1
7845000,526405,63378.0,0.1
7846000,526483,63378.0,0.1
7847000,526542,63378.0,0.1
7848000,526606,63378.0,0.1
7849000,526660,63378.0,0.1
7851000,526815,63378.0,0.1
7852000,526888,63378.0,0.1
7853000,526956,63378.0,0.1
7854000,527036,63378.0,0.1
7855000,527095,63378.0,0.1
7856000,527162,63378.0,0.1
7865000,527742,63378.0,0.1
7866000,527821,63378.0,0.1
7867000,527887,63378.0,0.1
7869000,528028,63378.0,0.1
7870000,528083,63378.0,0.1
7872000,528194,63378.0,0.1
7873000,528256,63378.0,0.1
7874000,528332,63378.0,0.1
7875000,528395,63378.0,0.1
7878000,528584,63378.0,0.1
7879000,528659,63378.0,0.1
7880000,528722,63378.0,0.1
7881000,528797,63378.0,0.1
7882000,528846,63378.0,0.1
7883000,528904,63378.0,0.1
7885000,529046,63378.0,0.1
7886000,529114,63378.0,0.1
7887000,529180,63378.0,0.1
7888000,529244,63378.0,0.1
7891000,529454,63378.0,0.1
7892000,529520,63378.0,0.1
7894000,529667,63378.0,0.1
7898000,529953,63378.0,0.1
7899000,530031,63378.0,0.1
7900000,530097,63378.0,0.1
7901000,530161,63378.0,0.1
7902000,530231,63378.0,0.1
7904000,530329,63378.0,0.1
7905000,530381,63378.0,0.1
7909000,530617,63378.0,0.1
7911000,530737,63378.0,0.1
7914000,530919,63378.0,0.1
7915000,530978,63378.0,0.1
7916000,531048,63378.0,0.1
7917000,531116,63378.0,0.1
7918000,531187,63378.0,0.1
7920000,531320,63378.0,0.1
7921000,531394,63378.0,0.1
7922000,531468,63378.0,0.1
7923000,531541,63378.0,0.1
7925000,531680,63378.0,0.1
7926000,531744,63378.0,0.1
7927000,531815,63378.0,0.1
7928000,531894,63378.0,0.1
7930000,532006,63378.0,0.1
7931000,532082,63378.0,0.1
7932000,532138,63378.0,0.1
7933000,532204,63378.0,0.1
7936000,532392,63378.0,0.1
7937000,532471,63378.0,0.1
7938000,532548,63378.0,0.1
7940000,532711,63378.0,0.1
7941000,532787,63378.0,0.1
7943000,532938,63378.0,0.1
7944000,533006,63378.0,0.1
7947000,533209,63378.0,0.1
7949000,533326,63378.0,0.1
7950000,533392,63378.0,0.1
7951000,533449,63378.0,0.1
7953000,533576,63378.0,0.1
7956000,533768,63378.0,0.1
7957000,533836,63378.0,0.1
7961000,534103,63378.0,0.1
7962000,534157,63378.0,0.1
7963000,534203,63378.0,0.1
7964000,534249,63378.0,0.1
7965000,534296,63378.0,0.1
7966000,534359,63378.0,0.1
7967000,534429,63378.0,0.1
7968000,534507,63378.0,0.1
7969000,534569,63378.0,0.1
7971000,534707,63378.0,0.1
7972000,534782,63378.0,0.1
7974000,534892,63378.0,0.1
7975000,534968,63378.0,0.1
7976000,535039,63378.0,0.1
7978000,535157,63378.0,0.1
7980000,535265,63378.0,0.1
7981000,535331,63378.0,0.1
7982000,535400,63378.0,0.1
7983000,535481,63378.0,0.1
7987000,535757,63378.0,0.1
7988000,535835,63378.0,0.1
7992000,536115,63378.0,0.1
7993000,536185,63378.0,0.1
7994000,536253,63378.0,0.1
7995000,536319,63378.0,0.1
7997000,536446,63378.0,0.1
7999000,536591,63378.0,0.1
8001000,536705,63378.0,0.1
8003000,536826,63378.0,0.1
8004000,536894,63378.0,0.1
8005000,536962,63378.0,0.1
8006000,537013,63378.0,0.1
8008000,537143,63378.0,0.1
8009000,537203,63378.0,0.1
8010000,537254,63378.0,0.1
8013000,537441,63378.0,0.1
8016000,537615,63378.0,0.1
8017000,537662,63378.0,0.1
8018000,537732,63378.0,0.1
8019000,537802,63378.0,0.1
8020000,537878,63378.0,0.1
8021000,537956,63378.0,0.1
8022000,538035,63378.0,0.1
8024000,538166,63378.0,0.1
8025000,538218,63378.0,0.1
8026000,538288,63378.0,0.1
8028000,538404,63378.0,0.1
8029000,538476,63378.0,0.1
8030000,538555,63378.0,0.1
8031000,538617,63378.0,0.1
8033000,538763,63378.0,0.1
8036000,538925,63378.0,0.1
8037000,538981,63378.0,0.1
8039000,539096,63378.0,0.1
8040000,539153,63378.0,0.1
8041000,539209,63378.0,0.1
8043000,539314,63378.0,0.1
8044000,539371,63378.0,0.1
8046000,539495,63378.0,0.1
8047000,539564,63378.0,0.1
8048000,539624,63378.0,0.1
8049000,539694,63378.0,0.1
8051000,539815,63378.0,0.1
8052000,539873,63378.0,0.1
8055000,540059,63378.0,0.1
8056000,540135,63378.0,0.1
8057000,540211,63378.0,0.1
8061000,540513,63378.0,0.1
8063000,540611,63378.0,0.1
8064000,540676,63378.0,0.1
8065000,540724,63378.0,0.1
8066000,540788,63378.0,0.1
8068000,540935,63378.0,0.1
8069000,541017,63378.0,0.1
8072000,541197,63378.0,0.1
8073000,541259,63378.0,0.1
8075000,541394,63378.0,0.1
8076000,541450,63378.0,0.1
8077000,541522,63378.0,0.1
8078000,541602,63378.0,0.1
8079000,541674,63378.0,0.1
8080000,541723,63378.0,0.1
8081000,541772,63378.0,0.1
8082000,541841,63378.0,0.1
8084000,541955,63378.0,0.1
8086000,542075,63378.0,0.1
8088000,542208,63378.0,0.1
8089000,542281,63378.0,0.1
8091000,542384,63378.0,0.1
8093000,542494,63378.0,0.1
8094000,542564,63378.0,0.1
8095000,542624,63378.0,0.1
8096000,542678,63378.0,0.1
8097000,542739,63378.0,0.1
8098000,542808,63378.0,0.1
8099000,542881,63378.0,0.1
8101000,543019,63378.0,0.1
8102000,543100,63378.0,0.1
8104000,543235,63378.0,0.1
8105000,543301,63378.0,0.1
8106000,543384,63378.0,0.1
8107000,543463,63378.0,0.1
8108000,543539,63378.0,0.1
8109000,543610,63378.0,0.1
8111000,543736,63378.0,0.1
8114000,543893,63378.0,0.1
8115000,543965,63378.0,0.1
8116000,544040,63378.0,0.1
8118000,544166,63378.0,0.1
8120000,544280,63378.0,0.1
8121000,544355,63378.0,0.1
8123000,544495,63378.0,0.1
8124000,544548,63378.0,0.1
8125000,544619,63378.0,0.1
8130000,544948,63378.0,0.1
8132000,545094,63378.0,0.1
8133000,545161,63378.0,0.1
8134000,545226,63378.0,0.1
8136000,545350,63378.0,0.1
8137000,545402,63378.0,0.1
8138000,545474,63378.0,0.1
8139000,545548,63378.0,0.1
8141000,545704,63378.0,0.1
8142000,545767,63378.0,0.1
8143000,545821,63378.0,0.1
8144000,545888,63378.0,0.1
8145000,545956,63378.0,0.1
8146000,546018,63378.0,0.1
8147000,546088,63378.0,0.1
8150000,546272,63378.0,0.1
8151000,546336,63378.0,0.1
8154000,546549,63378.0,0.1
8155000,546624,63378.0,0.1
8157000,546765,63378.0,0.1
8159000,546890,63378.0,0.1
8163000,547109,63378.0,0.1
8166000,547336,63378.0,0.1
8169000,547534,63378.0,0.1
8170000,547601,63378.0,0.1
8172000,547706,63378.0,0.1
8173000,547782,63378.0,0.1
8174000,547864,63378.0,0.1
8175000,547941,63378.0,0.1
8176000,548014,63378.0,0.1
8177000,548089,63378.0,0.1
8178000,548134,63378.0,0.1
8179000,548195,63378.0,0.1
8180000,548274,63378.0,0.1
8181000,548349,63378.0,0.1
8183000,548490,63378.0,0.1
8184000,548568,63378.0,0.1
8185000,548657,63378.0,0.1
8187000,548799,63378.0,0.1
8188000,548871,63378.0,0.1
8191000,549077,63378.0,0.1
8193000,549198,63378.0,0.1
8196000,549406,63378.0,0.1
8201000,549736,63378.0,0.1
8203000,549860,63378.0,0.1
8204000,549933,63378.0,0.1
8205000,549990,63378.0,0.1
8206000,550038,63378.0,0.1
8207000,550090,63378.0,0.1
8209000,550244,63378.0,0.1
8210000,550308,63378.0,0.1
8211000,550366,63378.0,0.1
8212000,550435,63378.0,0.1
8214000,550553,63378.0,0.1
8217000,550767,63378.0,0.1
8218000,550842,63378.0,0.1
8221000,551016,63378.0,0.1
8225000,551280,63378.0,0.1
8229000,551519,63378.0,0.1
8230000,551576,63378.0,0.1
8231000,551626,63378.0,0.1
8232000,551697,63378.0,0.1
8233000,551761,63378.0,0.1
8235000,551906,63378.0,0.1
8236000,551967,63378.0,0.1
8237000,552034,63378.0,0.1
8240000,552240,63378.0,0.1
8241000,552307,63378.0,0.1
8242000,552360,63378.0,0.1
8243000,552423,63378.0,0.1
8244000,552496,63378.0,0.1
8245000,552577,63378.0,0.1
8248000,552803,63378.0,0.1
8249000,552885,63378.0,0.1
8250000,552960,63378.0,0.1
8252000,553071,63378.0,0.1
8256000,553357,63378.0,0.1
8257000,553412,63378.0,0.1
8259000,553557,63378.0,0.1
8260000,553633,63378.0,0.1
8261000,553705,63378.0,0.1
8264000,553921,63378.0,0.1
8265000,553988,63378.0,0.1
8267000,554105,63378.0,0.1
8272000,554393,63378.0,0.1
8273000,554457,63378.0,0.1
8274000,554515,63378.0,0.1
8276000,554643,63378.0,0.1
8278000,554761,63378.0,0.1
8279000,554850,63378.0,0.1
8280000,554927,63378.0,0.1
8281000,555003,63378.0,0.1
8282000,555072,63378.0,0.1
8283000,555137,63378.0,0.1
8284000,555195,63378.0,0.1
8286000,555352,63378.0,0.1
8289000,555569,63378.0,0.1
8292000,555776,63378.0,0.1
8294000,555911,63378.0,0.1
8296000,556050,63378.0,0.1
8297000,556111,63378.0,0.1
8299000,556235,63378.0,0.1
8301000,556368,63378.0,0.1
8302000,556438,63378.0,0.1
8303000,556515,63378.0,0.1
8304000,556587,63378.0,0.1
8306000,556705,63378.0,0.1
8307000,556776,63378.0,0.1
8309000,556925,63378.0,0.1
8311000,557081,63378.0,0.1
8312000,557155,63378.0,0.1
8313000,557227,63378.0,0.1
8314000,557286,63378.0,0.1
8316000,557423,63378.0,0.1
8317000,557497,63378.0,0.1
8319000,557635,63378.0,0.1
8320000,557712,63378.0,0.1
8323000,557934,63378.0,0.1
8324000,558005,63378.0,0.1
8325000,558067,63378.0,0.1
8326000,558109,63378.0,0.1
8328000,558234,63378.0,0.1
8331000,558381,63378.0,0.1
8332000,558458,63378.0,0.1
8333000,558525,63378.0,0.1
8335000,558669,63378.0,0.1
8341000,559030,63378.0,0.1
8343000,559152,63378.0,0.1
8345000,559312,63378.0,0.1
8347000,559428,63378.0,0.1
8350000,559618,63378.0,0.1
8351000,559690,63378.0,0.1
8353000,559816,63378.0,0.1
8354000,559873,63378.0,0.1
8355000,559929,63378.0,0.1
8356000,560003,63378.0,0.1
8357000,560066,63378.0,0.1
8358000,560141,63378.0,0.1
8359000,560199,63378.0,0.1
8360000,560249,63378.0,0.1
8361000,560312,63378.0,0.1
8362000,560389,63378.0,0.1
8363000,560452,63378.0,0.1
8365000,560572,63378.0,0.1
8367000,560707,63378.0,0.1
8368000,560760,63378.0,0.1
8370000,560889,63378.0,0.1
8372000,561038,63378.0,0.1
8373000,561096,63378.0,0.1
8375000,561240,63378.0,0.1
8376000,561320,63378.0,0.1
8378000,561465,63378.0,0.1
8379000,561522,63378.0,0.1
8380000,561579,63378.0,0.1
8381000,561635,63378.0,0.1
8382000,561707,63378.0,0.1
8383000,561771,63378.0,0.1
8387000,562049,63378.0,0.1
8389000,562196,63378.0,0.1
8390000,562269,63378.0,0.1
8391000,562336,63378.0,0.1
8393000,562437,63378.0,0.1
8394000,562490,63378.0,0.1
8395000,562567,63378.0,0.1
8396000,562628,63378.0,0.1
8398000,562754,63378.0,0.1
8401000,562957,63378.0,0.1
8402000,563013,63378.0,0.1
8404000,563145,63378.0,0.1
8405000,563222,63378.0,0.1
8407000,563361,63378.0,0.1
8409000,563476,63378.0,0.1
8410000,563534,63378.0,0.1
8412000,563658,63378.0,0.1
8413000,563717,63378.0,0.1
8415000,563828,63378.0,0.1
8416000,563900,63378.0,0.1
8417000,563956,63378.0,0.1
8420000,564168,63378.0,0.1
8421000,564239,63378.0,0.1
8422000,564324,63378.0,0.1
8423000,564400,63378.0,0.1
8424000,564464,63378.0,0.1
8429000,564809,63378.0,0.1
8430000,564891,63378.0,0.1
8431000,564970,63378.0,0.1
8432000,565033,63378.0,0.1
8433000,565107,63378.0,0.1
8436000,565316,63378.0,0.1
8441000,565626,63378.0,0.1
8446000,565919,63378.0,0.1
8447000,565982,63378.0,0.1
8448000,566056,63378.0,0.1
8449000,566126,63378.0,0.1
8450000,566199,63378.0,0.1
8451000,566253,63378.0,0.1
8455000,566531,63378.0,0.1
8456000,566593,63378.0,0.1
8457000,566657,63378.0,0.1
8458000,566729,63378.0,0.1
8461000,566962,63378.0,0.1
8462000,567033,63378.0,0.1
8463000,567106,63378.0,0.1
8465000,567210,63378.0,0.1
8466000,567276,63378.0,0.1
8469000,567492,63378.0,0.1
8471000,567619,63378.0,0.1
8473000,567739,63378.0,0.1
8476000,567956,63378.0,0.1
8477000,568026,63378.0,0.1
8479000,568167,63378.0,0.1
8481000,568280,63378.0,0.1
8482000,568337,63378.0,0.1
8483000,568406,63378.0,0.1
8484000,568461,63378.0,0.1
8487000,568631,63378.0,0.1
8491000,568929,63378.0,0.1
8493000,569053,63378.0,0.1
8495000,569203,63378.0,0.1
8497000,569347,63378.0,0.1
8498000,569413,63378.0,0.1
8499000,569459,63378.0,0.1
8500000,569515,63378.0,0.1
8501000,569575,63378.0,0.1
8503000,569676,63378.0,0.1
8504000,569726,63378.0,0.1
8506000,569852,63378.0,0.1
8507000,569921,63378.0,0.1
8509000,570033,63378.0,0.1
8510000,570103,63378.0,0.1
8512000,570257,63378.0,0.1
8513000,570335,63378.0,0.1
8514000,570413,63378.0,0.1
8515000,570476,63378.0,0.1
8516000,570521,63378.0,0.1
8517000,570585,63378.0,0.1
8518000,570646,63378.0,0.1
8519000,570719,63378.0,0.1
8520000,570775,63378.0,0.1
8521000,570848,63378.0,0.1
8522000,570913,63378.0,0.1
8524000,571021,63378.0,0.1
8525000,571096,63378.0,0.1
8526000,571176,63378.0,0.1
8529000,571370,63378.0,0.1
8530000,571440,63378.0,0.1
8532000,571581,63378.0,0.1
8536000,571879,63378.0,0.1
8537000,571948,63378.0,0.1
8538000,572017,63378.0,0.1
8539000,572097,63378.0,0.1
8541000,572243,63378.0,0.1
8544000,572438,63378.0,0.1
8546000,572579,63378.0,0.1
8548000,572719,63378.0,0.1
8549000,572803,63378.0,0.1
8551000,572955,63378.0,0.1
8552000,573019,63378.0,0.1
8553000,573076,63378.0,0.1
8555000,573207,63378.0,0.1
8557000,573346,63378.0,0.1
8559000,573485,63378.0,0.1
8560000,573556,63378.0,0.1
8561000,573629,63378.0,0.1
8562000,573701,63378.0,0.1
8563000,573768,63378.0,0.1
8566000,573962,63378.0,0.1
8567000,574020,63378.0,0.1
8568000,574089,63378.0,0.1
8570000,574240,63378.0,0.1
8571000,574313,63378.0,0.1
8572000,574381,63378.0,0.1
8576000,574604,63378.0,0.1
8577000,574685,63378.0,0.1
8578000,574749,63378.0,0.1
8579000,574815,63378.0,0.1
8580000,574877,63378.0,0.1
8582000,574996,63378.0,0.1
8583000,575073,63378.0,0.1
8584000,575137,63378.0,0.1
8588000,575401,63378.0,0.1
8590000,575531,63378.0,0.1
8594000,575798,63378.0,0.1
8595000,575878,63378.0,0.1
8596000,575943,63378.0,0.1
8600000,576240,63378.0,0.1
8601000,576302,63378.0,0.1
8602000,576378,63378.0,0.1
8603000,576442,63378.0,0.1
8604000,576491,63378.0,0.1
8605000,576555,63378.0,0.1
8606000,576628,63378.0,0.1
8608000,576738,63378.0,0.1
8609000,576792,63378.0,0.1
8611000,576944,63378.0,0.1
8613000,577070,63378.0,0.1
8615000,577218,63378.0,0.1
8616000,577287,63378.0,0.1
8617000,577355,63378.0,0.1
8618000,577412,63378.0,0.1
8619000,577463,63378.0,0.1
8620000,577516,63378.0,0.1
8623000,577709,63378.0,0.1
8624000,577782,63378.0,0.1
8625000,577865,63378.0,0.1
8626000,577939,63378.0,0.1
8627000,578013,63378.0,0.1
8629000,578148,63378.0,0.1
8630000,578201,63378.0,0.1
8631000,578265,63378.0,0.1
8636000,578589,63378.0,0.1
8640000,578830,63378.0,0.1
8642000,578939,63378.0,0.1
8643000,579004,63378.0,0.1
8644000,579067,63378.0,0.1
8648000,579335,63378.0,0.1
8650000,579481,63378.0,0.1
8651000,579558,63378.0,0.1
8654000,579746,63378.0,0.1
8655000,579819,63378.0,0.1
8657000,579938,63378.0,0.1
8658000,579987,63378.0,0.1
8660000,580128,63378.0,0.1
8661000,580201,63378.0,0.1
8662000,580275,63378.0,0.1
8664000,580415,63378.0,0.1
8665000,580484,63378.0,0.1
8669000,580736,63378.0,0.1
8670000,580807,63378.0,0.1
8671000,580868,63378.0,0.1
8672000,580932,63378.0,0.1
8673000,580982,63378.0,0.1
8675000,581119,63378.0,0.1
8676000,581183,63378.0,0.1
8682000,581545,63378.0,0.1
8683000,581619,63378.0,0.1
8684000,581688,63378.0,0.1
8688000,581945,63378.0,0.1
8689000,582019,63378.0,0.1
8694000,582364,63378.0,0.1
8698000,582611,63378.0,0.1
8700000,582748,63378.0,0.1
8701000,582819,63378.0,0.1
8702000,582892,63378.0,0.1
8704000,583040,63378.0,0.1
8705000,583123,63378.0,0.1
8706000,583188,63378.0,0.1
8708000,583336,63378.0,0.1
8712000,583576,63378.0,0.1
8713000,583632,63378.0,0.1
8714000,583699,63378.0,0.1
8716000,583830,63378.0,0.1
8717000,583916,63378.0,0.1
8718000,583983,63378.0,0.1
8719000,584054,63378.0,0.1
8721000,584207,63378.0,0.1
8724000,584419,63378.0,0.1
8725000,584468,63378.0,0.1
8726000,584518,63378.0,0.1
8727000,584578,63378.0,0.1
8728000,584636,63378.0,0.1
8729000,584702,63378.0,0.1
8730000,584754,63378.0,0.1
8731000,584807,63378.0,0.1
8732000,584882,63378.0,0.1
8737000,585270,63378.0,0.1
8738000,585331,63378.0,0.1
8739000,585414,63378.0,0.1
8742000,585601,63378.0,0.1
8746000,585896,63378.0,0.1
8747000,585966,63378.0,0.1
8748000,586039,63378.0,0.1
8749000,586110,63378.0,0.1
8752000,586294,63378.0,0.1
8753000,586372,63378.0,0.1
8754000,586427,63378.0,0.1
8755000,586479,63378.0,0.1
8760000,586807,63378.0,0.1
8761000,586873,63378.0,0.1
8762000,586924,63378.0,0.1
8763000,586999,63378.0,0.1
8764000,587052,63378.0,0.1
8765000,587115,63378.0,0.1
8766000,587180,63378.0,0.1
8768000,587311,63378.0,0.1
8769000,587391,63378.0,0.1
8771000,587539,63378.0,0.1
8772000,587609,63378.0,0.1
8773000,587676,63378.0,0.1
8774000,587750,63378.0,0.1
8775000,587828,63378.0,0.1
8777000,587962,63378.0,0.1
8780000,588167,63378.0,0.1
8782000,588305,63378.0,0.1
8783000,588367,63378.0,0.1
8784000,588425,63378.0,0.1
8787000,588607,63378.0,0.1
8788000,588658,63378.0,0.1
8789000,588710,63378.0,0.1
8790000,588782,63378.0,0.1
8792000,588932,63378.0,0.1
8794000,589071,63378.0,0.1
8796000,589206,63378.0,0.1
8797000,589284,63378.0,0.1
8798000,589357,63378.0,0.1
8800000,589505,63378.0,0.1
8806000,589863,63378.0,0.1
8807000,589932,63378.0,0.1
8808000,589979,63378.0,0.1
8810000,590106,63378.0,0.1
8812000,590225,63378.0,0.1
8813000,590279,63378.0,0.1
8818000,590570,63378.0,0.1
8820000,590719,63378.0,0.1
8821000,590787,63378.0,0.1
8824000,591011,63378.0,0.1
8825000,591073,63378.0,0.1
8828000,591241,63378.0,0.1
8829000,591318,63378.0,0.1
8833000,591557,63378.0,0.1
8835000,591678,63378.0,0.1
8836000,591750,63378.0,0.1
8838000,591855,63378.0,0.1
8839000,591912,63378.0,0.1
8843000,592192,63378.0,0.1
8844000,592267,63378.0,0.1
8847000,592497,63378.0,0.1
8848000,592582,63378.0,0.1
8849000,592661,63378.0,0.1
8851000,592800,63378.0,0.1
8852000,592864,63378.0,0.1
8853000,592943,63378.0,0.1
8854000,593028,63378.0,0.1
8855000,593097,63378.0,0.1
8858000,593257,63378.0,0.1
8860000,593382,63378.0,0.1
8861000,593436,63378.0,0.1
8862000,593510,63378.0,0.1
8864000,593628,63378.0,0.1
8865000,593687,63378.0,0.1
8866000,593767,63378.0,0.1
8867000,593843,63378.0,0.1
8868000,593912,63378.0,0.1
8869000,593984,63378.0,0.1
8870000,594053,63378.0,0.1
8876000,594468,63378.0,0.1
8877000,594537,63378.0,0.1
8880000,594756,63378.0,0.1
8882000,594902,63378.0,0.1
8884000,595022,63378.0,0.1
8887000,595174,63378.0,0.1
8888000,595233,63378.0,0.1
8890000,595338,63378.0,0.1
8891000,595397,63378.0,0.1
8894000,595620,63378.0,0.1
8895000,595701,63378.0,0.1
8897000,595816,63378.0,0.1
8898000,595900,63378.0,0.1
8900000,596046,63378.0,0.1
8901000,596112,63378.0,0.1
8902000,596189,63378.0,0.1
8903000,596259,63378.0,0.1
8904000,596315,63378.0,0.1
8905000,596377,63378.0,0.1
8907000,596536,63378.0,0.1
8908000,596600,63378.0,0.1
8909000,596663,63378.0,0.1
8910000,596737,63378.0,0.1
8912000,596888,63378.0,0.1
8914000,597022,63378.0,0.1
8915000,597071,63378.0,0.1
8917000,597182,63378.0,0.1
8918000,597252,63378.0,0.1
8919000,597331,63378.0,0.1
8921000,597459,63378.0,0.1
8922000,597516,63378.0,0.1
8925000,597673,63378.0,0.1
8926000,597744,63378.0,0.1
8927000,597820,63378.0,0.1
8928000,597900,63378.0,0.1
8931000,598122,63378.0,0.1
8932000,598186,63378.0,0.1
8935000,598364,63378.0,0.1
8936000,598422,63378.0,0.1
8938000,598560,63378.0,0.1
8939000,598612,63378.0,0.1
8943000,598874,63378.0,0.1
8944000,598950,63378.0,0.1
8946000,599076,63378.0,0.1
8947000,599135,63378.0,0.1
8949000,599273,63378.0,0.1
8951000,599416,63378.0,0.1
8953000,599536,63378.0,0.1
8956000,599725,63378.0,0.1
8960000,599988,63378.0,0.1
